19 0.697115 0.392428 0.177885 0.198317
19 0.538462 0.521034 0.735577 0.484375
19 0.269231 0.513221 0.163462 0.175481
19 0.28726 0.617788 0.170673 0.134615
19 0.351562 0.703726 0.169471 0.0997596
19 0.366587 0.396635 0.161058 0.149038
19 0.397236 0.491587 0.0877404 0.112981
19 0.452524 0.624399 0.15024 0.157452
19 0.548077 0.692909 0.192308 0.111779
19 0.530649 0.359976 0.147837 0.143029
19 0.537861 0.460337 0.157452 0.127404
19 0.598558 0.599159 0.158654 0.203125
19 0.734375 0.703125 0.161058 0.0889423
19 0.766226 0.583534 0.176683 0.16226
