24 0.391827 0.538462 0.0961538 0.134615
24 0.465144 0.563702 0.161058 0.165865
24 0.534255 0.626803 0.106971 0.104567
24 0.521635 0.454928 0.0721154 0.0637019
24 0.626202 0.626202 0.189904 0.194712
24 0.617188 0.461538 0.138221 0.0865385
24 0.745192 0.66226 0.221154 0.223558
24 0.801683 0.752404 0.165865 0.240385
24 0.805288 0.507212 0.110577 0.0769231
24 0.841947 0.471755 0.0733173 0.0396635
24 0.876202 0.548678 0.09375 0.0973558
24 0.963341 0.867788 0.0709135 0.25
24 0.982572 0.710337 0.0324519 0.0649038
