56 0.077524 0.492188 0.0444712 0.0228365
56 0.0889423 0.50601 0.0625 0.0408654
56 0.094351 0.530048 0.0492788 0.03125
56 0.119591 0.552885 0.0516827 0.0528846
56 0.140024 0.583534 0.0637019 0.0516827
56 0.159856 0.611779 0.0649038 0.0360577
56 0.169471 0.647236 0.0697115 0.0540865
56 0.169471 0.298678 0.0408654 0.0396635
56 0.207933 0.711538 0.0889423 0.0576923
56 0.230769 0.289663 0.0336538 0.0360577
56 0.269231 0.767428 0.0817308 0.078125
56 0.297476 0.791466 0.0853365 0.121394
56 0.513221 0.816106 0.0985577 0.0456731
56 0.513822 0.832332 0.0901442 0.0637019
56 0.529447 0.839543 0.0925481 0.0637019
56 0.626202 0.796274 0.0745192 0.0685096
56 0.664062 0.829327 0.0877404 0.0721154
56 0.711538 0.257212 0.0673077 0.0528846
