60 0.388822 0.623798 0.0516827 0.0456731
60 0.394832 0.5625 0.0300481 0.0384615
60 0.536659 0.278846 0.236779 0.336538
60 0.446514 0.80649 0.0372596 0.0793269
60 0.454928 0.948918 0.0348558 0.0949519
60 0.482572 0.558293 0.0564904 0.0492788
60 0.471154 0.760216 0.0288462 0.0540865
60 0.658053 0.472957 0.311298 0.407452
60 0.539062 0.810096 0.0348558 0.0480769
60 0.558894 0.76262 0.0360577 0.0540865
60 0.625601 0.703726 0.135817 0.0901442
60 0.57512 0.861779 0.0300481 0.0408654
60 0.581731 0.797476 0.0240385 0.0516827
60 0.586538 0.760817 0.0192308 0.03125
60 0.76262 0.707933 0.0444712 0.0600962
60 0.80649 0.725962 0.0360577 0.0384615
60 0.954327 0.990385 0.0240385 0.0192308
60 0.978365 0.972356 0.0384615 0.0552885
