51 0.016226 0.333534 0.0324519 0.0564904
51 0.03125 0.287861 0.0288462 0.0564904
51 0.063101 0.0228365 0.0444712 0.0456731
51 0.0558894 0.44351 0.0252404 0.0456731
51 0.281851 0.638221 0.0108173 0.03125
51 0.300481 0.682692 0.0240385 0.0528846
51 0.308293 0.55649 0.0300481 0.0600962
51 0.33774 0.126803 0.0264423 0.0612981
51 0.344952 0.513822 0.03125 0.0612981
51 0.506611 0.439303 0.128606 0.248798
51 0.521034 0.242788 0.0180288 0.0384615
51 0.614183 0.329327 0.0168269 0.0432692
51 0.71875 0.0414663 0.0144231 0.0252404
51 0.730769 0.410457 0.0144231 0.0228365
51 0.742188 0.392428 0.0132212 0.0204327
51 0.746394 0.322716 0.0216346 0.0396635
51 0.801082 0.508413 0.0300481 0.0600962
51 0.849159 0.491587 0.0300481 0.0600962
51 0.92488 0.361178 0.0228365 0.0396635
51 0.928486 0.0991587 0.0252404 0.0300481
