18 0.411659 0.484976 0.260817 0.277644
18 0.138221 0.46274 0.276442 0.444712
18 0.272236 0.698918 0.280048 0.229567
18 0.288462 0.441106 0.149038 0.252404
18 0.627404 0.600361 0.240385 0.354567
18 0.711538 0.915865 0.307692 0.168269
18 0.411659 0.484976 0.260817 0.277644
18 0.138221 0.46274 0.276442 0.444712
18 0.272236 0.698918 0.280048 0.229567
18 0.288462 0.441106 0.149038 0.252404
18 0.627404 0.600361 0.240385 0.354567
18 0.711538 0.915865 0.307692 0.168269
18 0.411659 0.484976 0.260817 0.277644
18 0.138221 0.46274 0.276442 0.444712
18 0.272236 0.698918 0.280048 0.229567
18 0.288462 0.441106 0.149038 0.252404
18 0.627404 0.600361 0.240385 0.354567
18 0.711538 0.915865 0.307692 0.168269
