18 0.264423 0.269231 0.221154 0.447115
18 0.274639 0.70012 0.217548 0.453125
18 0.483774 0.716346 0.222356 0.451923
18 0.484976 0.287861 0.215144 0.436298
18 0.689303 0.70613 0.195913 0.417067
18 0.692909 0.313101 0.198317 0.414663
18 0.264423 0.269231 0.221154 0.447115
18 0.274639 0.70012 0.217548 0.453125
18 0.483774 0.716346 0.222356 0.451923
18 0.484976 0.287861 0.215144 0.436298
18 0.689303 0.70613 0.195913 0.417067
18 0.692909 0.313101 0.198317 0.414663
18 0.264423 0.269231 0.221154 0.447115
18 0.274639 0.70012 0.217548 0.453125
18 0.483774 0.716346 0.222356 0.451923
18 0.484976 0.287861 0.215144 0.436298
18 0.689303 0.70613 0.195913 0.417067
18 0.692909 0.313101 0.198317 0.414663
