56 0.209135 0.714543 0.158654 0.169471
56 0.221154 0.655048 0.153846 0.137019
56 0.255409 0.501803 0.13101 0.123798
56 0.282452 0.426683 0.151442 0.0841346
56 0.281851 0.534856 0.145433 0.103365
56 0.284856 0.351562 0.127404 0.0492788
56 0.378005 0.720553 0.179087 0.128606
56 0.385817 0.650841 0.180288 0.123798
56 0.388221 0.826923 0.175481 0.177885
56 0.415264 0.590144 0.152644 0.146635
56 0.421274 0.512019 0.155048 0.0961538
56 0.420072 0.389423 0.133413 0.0528846
56 0.433293 0.320913 0.135817 0.0889423
56 0.439904 0.358173 0.110577 0.0769231
56 0.446514 0.450721 0.11899 0.108173
56 0.554087 0.680288 0.165865 0.153846
56 0.583534 0.614183 0.16226 0.146635
56 0.570312 0.402644 0.121394 0.0552885
56 0.58774 0.511418 0.151442 0.138221
56 0.688101 0.384014 0.126202 0.0564904
56 0.718149 0.426082 0.11899 0.0540865
56 0.74399 0.482572 0.146635 0.0805288
56 0.756611 0.584135 0.16226 0.144231
56 0.811298 0.332933 0.0889423 0.0985577
56 0.82512 0.447716 0.0733173 0.179087
