18 0.330529 0.655649 0.661058 0.686298
18 0.331731 0.657452 0.663462 0.680288
18 0.245192 0.16887 0.302885 0.33774
18 0.25 0.172476 0.302885 0.344952
18 0.462139 0.232572 0.323317 0.393029
18 0.465144 0.235577 0.329327 0.394231
18 0.600962 0.449519 0.432692 0.471154
18 0.601562 0.448317 0.424279 0.473558
18 0.792067 0.748197 0.415865 0.501202
18 0.795072 0.748197 0.407452 0.501202
18 0.330529 0.655649 0.661058 0.686298
18 0.331731 0.657452 0.663462 0.680288
18 0.245192 0.16887 0.302885 0.33774
18 0.25 0.172476 0.302885 0.344952
18 0.462139 0.232572 0.323317 0.393029
18 0.465144 0.235577 0.329327 0.394231
18 0.600962 0.449519 0.432692 0.471154
18 0.601562 0.448317 0.424279 0.473558
18 0.792067 0.748197 0.415865 0.501202
18 0.795072 0.748197 0.407452 0.501202
18 0.330529 0.655649 0.661058 0.686298
18 0.331731 0.657452 0.663462 0.680288
18 0.245192 0.16887 0.302885 0.33774
18 0.25 0.172476 0.302885 0.344952
18 0.462139 0.232572 0.323317 0.393029
18 0.465144 0.235577 0.329327 0.394231
18 0.600962 0.449519 0.432692 0.471154
18 0.601562 0.448317 0.424279 0.473558
18 0.792067 0.748197 0.415865 0.501202
18 0.795072 0.748197 0.407452 0.501202
