75 0.191106 0.536659 0.204327 0.159856
75 0.203125 0.38101 0.0889423 0.146635
75 0.263822 0.283053 0.143029 0.0757212
75 0.289062 0.377404 0.13101 0.149038
75 0.344351 0.539062 0.111779 0.135817
75 0.323317 0.289663 0.0649038 0.0504808
75 0.367788 0.284255 0.0576923 0.0348558
75 0.376803 0.260817 0.0709135 0.0456731
75 0.38101 0.423077 0.0456731 0.0673077
75 0.380409 0.164062 0.0348558 0.0733173
75 0.41887 0.408654 0.0637019 0.0865385
75 0.438702 0.0919471 0.0504808 0.0348558
75 0.493389 0.391827 0.15024 0.0961538
75 0.467548 0.258413 0.0408654 0.0504808
75 0.486178 0.0811298 0.0348558 0.0420673
75 0.552284 0.489183 0.167067 0.122596
75 0.599159 0.428486 0.0829327 0.0685096
75 0.590745 0.477764 0.0420673 0.0420673
75 0.75 0.320913 0.0865385 0.0793269
75 0.784856 0.387019 0.0649038 0.0384615
75 0.841947 0.500601 0.126202 0.121394
75 0.834736 0.441106 0.0444712 0.0649038
75 0.868389 0.472356 0.0300481 0.03125
