77 0.725962 0.391827 0.221154 0.480769
77 0.311298 0.435096 0.141827 0.110577
77 0.319111 0.342548 0.114183 0.0649038
77 0.326923 0.288462 0.0769231 0.0240385
77 0.326923 0.253005 0.0528846 0.0252404
77 0.528245 0.417067 0.147837 0.108173
77 0.519231 0.326322 0.100962 0.0564904
77 0.504808 0.280649 0.0673077 0.0420673
77 0.498798 0.250601 0.0456731 0.0252404
77 0.608173 0.262019 0.110577 0.0432692
77 0.641226 0.293269 0.114183 0.0528846
77 0.680889 0.340745 0.116587 0.0901442
77 0.743389 0.414062 0.15024 0.111779
