1 0.197716 0.441106 0.25601 0.387019
1 0.275841 0.738582 0.200721 0.231971
1 0.469351 0.336538 0.0973558 0.177885
1 0.450721 0.800481 0.0408654 0.0384615
1 0.480769 0.707933 0.0432692 0.0793269
1 0.521635 0.48738 0.120192 0.16226
1 0.479567 0.626202 0.0120192 0.0552885
1 0.548077 0.337139 0.110577 0.169471
1 0.540865 0.564303 0.0625 0.0420673
1 0.598558 0.41226 0.0673077 0.09375
1 0.612981 0.255409 0.0240385 0.0444712
1 0.759014 0.425481 0.0612981 0.0769231
1 0.841947 0.730168 0.0685096 0.0949519
1 0.851562 0.670673 0.0685096 0.0721154
1 0.875601 0.440505 0.0540865 0.0685096
1 0.899639 0.309495 0.0685096 0.0901442
