62 0.0192308 0.507212 0.0384615 0.0769231
62 0.0348558 0.569712 0.0697115 0.115385
62 0.499399 0.351562 0.998798 0.121394
62 0.0198317 0.419471 0.0300481 0.0456731
62 0.0697115 0.492788 0.0576923 0.0625
62 0.122596 0.459135 0.0480769 0.0576923
62 0.206731 0.703726 0.110577 0.133413
62 0.204928 0.421875 0.0396635 0.0408654
62 0.257212 0.755409 0.134615 0.188702
62 0.260817 0.424279 0.0456731 0.03125
62 0.313702 0.611779 0.112981 0.117788
62 0.370192 0.79988 0.149038 0.215144
62 0.353966 0.54988 0.078125 0.0901442
62 0.361178 0.448918 0.0588942 0.0661058
62 0.429688 0.52524 0.0564904 0.0793269
62 0.451923 0.570913 0.0721154 0.0745192
62 0.533654 0.871995 0.168269 0.22476
62 0.486779 0.451923 0.0504808 0.0576923
62 0.528846 0.441707 0.0432692 0.0516827
62 0.548077 0.539062 0.0721154 0.111779
62 0.564303 0.51863 0.0564904 0.0612981
62 0.567308 0.446514 0.0384615 0.0516827
62 0.626803 0.676683 0.143029 0.165865
62 0.609375 0.49399 0.0504808 0.0697115
62 0.654447 0.483774 0.0588942 0.0588942
62 0.728365 0.753606 0.115385 0.194712
62 0.717548 0.438101 0.0408654 0.0444712
62 0.766827 0.846154 0.134615 0.201923
62 0.741587 0.510216 0.0793269 0.0877404
62 0.737981 0.573317 0.0721154 0.0985577
62 0.757212 0.433293 0.0432692 0.0348558
62 0.79988 0.616587 0.0949519 0.137019
62 0.849159 0.465144 0.0685096 0.103365
62 0.890024 0.439303 0.0252404 0.0420673
62 0.939303 0.463341 0.0324519 0.0661058
62 0.963341 0.771635 0.0709135 0.163462
62 0.965144 0.467548 0.0649038 0.108173
