57 0.777644 0.698918 0.108173 0.138221
57 0.00721154 0.41226 0.0144231 0.0360577
57 0.00841346 0.436899 0.0168269 0.0420673
57 0.00961538 0.260817 0.0192308 0.0360577
57 0.00961538 0.328125 0.0192308 0.0697115
57 0.0126202 0.131611 0.0252404 0.0420673
57 0.0637019 0.209135 0.127404 0.201923
57 0.078726 0.524639 0.157452 0.251202
57 0.179688 0.555288 0.215144 0.278846
57 0.178486 0.338341 0.179087 0.176683
57 0.313702 0.403846 0.204327 0.230769
57 0.367788 0.605168 0.211538 0.28726
57 0.409856 0.270433 0.165865 0.233173
57 0.490986 0.382812 0.174279 0.207933
57 0.528245 0.649639 0.219952 0.294471
57 0.658654 0.304087 0.259615 0.271635
57 0.624399 0.449519 0.191106 0.269231
57 0.714543 0.0294471 0.188702 0.0588942
57 0.795673 0.602163 0.307692 0.540865
57 0.921875 0.667668 0.15625 0.49399
