26 0.0829327 0.714543 0.0889423 0.126202
26 0.132212 0.671875 0.129808 0.170673
26 0.154447 0.438101 0.0877404 0.159856
26 0.21274 0.561298 0.127404 0.161058
26 0.192308 0.826322 0.0721154 0.123798
26 0.214543 0.436298 0.0733173 0.112981
26 0.263822 0.833534 0.0853365 0.123798
26 0.296274 0.915264 0.126202 0.123798
26 0.29988 0.489183 0.0757212 0.108173
26 0.310697 0.617788 0.0973558 0.134615
26 0.36899 0.70613 0.0841346 0.123798
26 0.429087 0.467548 0.0889423 0.122596
26 0.425481 0.857572 0.0817308 0.123798
26 0.457332 0.718149 0.0925481 0.114183
26 0.59976 0.749399 0.137019 0.186298
26 0.655649 0.581731 0.138221 0.182692
26 0.73738 0.813101 0.16226 0.207933
