1 0.0252404 0.698317 0.0504808 0.0697115
1 0.0949519 0.762019 0.189904 0.0673077
1 0.0456731 0.864183 0.0336538 0.0168269
1 0.127404 0.70012 0.149038 0.0492788
1 0.0715144 0.856971 0.0228365 0.0120192
1 0.0895433 0.86238 0.0108173 0.0132212
1 0.107572 0.747596 0.0420673 0.0432692
1 0.266827 0.755409 0.182692 0.0540865
1 0.277644 0.691707 0.151442 0.046875
1 0.245192 0.849159 0.0240385 0.0108173
1 0.283654 0.845553 0.0336538 0.0132212
1 0.419471 0.714543 0.127404 0.121394
1 0.4375 0.838341 0.0144231 0.0132212
1 0.455529 0.834736 0.0120192 0.0108173
1 0.470553 0.834736 0.0228365 0.015625
1 0.833534 0.858173 0.0180288 0.0240385
1 0.921875 0.770433 0.15625 0.161058
1 0.849159 0.870793 0.0108173 0.015625
1 0.987981 0.980168 0.0240385 0.0228365
