56 0.0432692 0.856971 0.0865385 0.28125
56 0.0540865 0.332933 0.108173 0.189904
56 0.0925481 0.569712 0.185096 0.341346
56 0.180889 0.140625 0.289663 0.0841346
56 0.153846 0.385216 0.192308 0.323317
56 0.317308 0.813702 0.350962 0.372596
56 0.227764 0.297476 0.123798 0.292067
56 0.286058 0.120192 0.134615 0.0625
56 0.370192 0.441707 0.221154 0.489183
56 0.375 0.328726 0.149038 0.292067
56 0.521034 0.16887 0.393029 0.179087
56 0.408053 0.290865 0.109375 0.230769
56 0.548678 0.288462 0.102163 0.168269
56 0.572716 0.354567 0.126202 0.262019
56 0.628606 0.486178 0.204327 0.371394
56 0.747596 0.667668 0.346154 0.66226
56 0.73738 0.152043 0.258413 0.13101
56 0.704327 0.286659 0.125 0.159856
56 0.787861 0.36238 0.176683 0.296875
56 0.892428 0.507212 0.21274 0.322115
56 0.884014 0.274639 0.114183 0.169471
56 0.962139 0.353365 0.0733173 0.153846
56 0.964543 0.740986 0.0685096 0.405048
