31 0.507812 0.301082 0.0685096 0.0444712
31 0.523438 0.277043 0.0709135 0.0492788
31 0.553486 0.333534 0.0588942 0.0420673
31 0.563702 0.239784 0.0504808 0.0420673
31 0.578726 0.281851 0.0564904 0.0444712
31 0.593149 0.26262 0.0564904 0.0348558
31 0.624399 0.359976 0.0661058 0.0516827
31 0.631611 0.311899 0.0709135 0.0372596
31 0.639423 0.235577 0.0384615 0.0432692
31 0.665865 0.268029 0.0480769 0.0408654
31 0.680288 0.221755 0.0480769 0.0396635
31 0.691106 0.293269 0.0504808 0.0288462
31 0.694111 0.324519 0.0564904 0.0480769
31 0.710337 0.245793 0.0504808 0.0300481
31 0.708534 0.360577 0.0420673 0.0432692
31 0.728966 0.274639 0.0444712 0.0348558
31 0.736779 0.224159 0.0408654 0.0348558
31 0.75601 0.310697 0.0552885 0.0444712
31 0.769832 0.341947 0.0588942 0.0492788
31 0.776442 0.293269 0.0480769 0.0432692
31 0.794471 0.387019 0.0745192 0.0576923
31 0.788462 0.26863 0.0528846 0.0372596
31 0.791466 0.242188 0.0588942 0.0324519
31 0.810096 0.310697 0.0576923 0.0444712
31 0.835337 0.341346 0.0552885 0.0384615
31 0.864183 0.244591 0.0504808 0.0420673
31 0.865385 0.295072 0.0480769 0.0372596
31 0.871394 0.269231 0.0456731 0.0480769
31 0.888221 0.371394 0.0697115 0.0504808
31 0.892428 0.320312 0.0588942 0.0444712
31 0.938101 0.276442 0.0637019 0.0384615
31 0.949519 0.304688 0.0528846 0.0420673
31 0.949519 0.338341 0.0528846 0.0516827
