18 0.122596 0.284856 0.245192 0.213942
18 0.347356 0.385817 0.290865 0.199519
18 0.368389 0.206731 0.227163 0.201923
18 0.481971 0.614183 0.324519 0.286058
18 0.63101 0.365385 0.262019 0.254808
18 0.814904 0.754808 0.341346 0.370192
18 0.122596 0.284856 0.245192 0.213942
18 0.347356 0.385817 0.290865 0.199519
18 0.368389 0.206731 0.227163 0.201923
18 0.481971 0.614183 0.324519 0.286058
18 0.63101 0.365385 0.262019 0.254808
18 0.814904 0.754808 0.341346 0.370192
18 0.122596 0.284856 0.245192 0.213942
18 0.347356 0.385817 0.290865 0.199519
18 0.368389 0.206731 0.227163 0.201923
18 0.481971 0.614183 0.324519 0.286058
18 0.63101 0.365385 0.262019 0.254808
18 0.814904 0.754808 0.341346 0.370192
