26 0.0144231 0.854567 0.0192308 0.0264423
26 0.015024 0.815505 0.0204327 0.0492788
26 0.0198317 0.783654 0.0300481 0.0480769
26 0.0378606 0.832332 0.0276442 0.0685096
26 0.0372596 0.756611 0.0168269 0.0564904
26 0.0715144 0.908654 0.0228365 0.0384615
26 0.0685096 0.939303 0.0120192 0.0276442
26 0.0727163 0.759014 0.0108173 0.0372596
26 0.0805288 0.733173 0.0264423 0.0480769
26 0.100361 0.824519 0.0228365 0.0480769
26 0.115385 0.917668 0.00961538 0.0372596
26 0.131611 0.837139 0.0228365 0.0348558
26 0.139423 0.939303 0.0240385 0.0276442
26 0.141827 0.8125 0.0288462 0.0432692
26 0.149639 0.879808 0.0348558 0.0432692
26 0.157452 0.835337 0.0264423 0.0504808
26 0.178486 0.921274 0.0540865 0.0540865
26 0.173678 0.977764 0.0300481 0.0276442
26 0.197716 0.855168 0.0348558 0.0372596
26 0.200721 0.819712 0.0360577 0.0288462
26 0.212139 0.980168 0.0396635 0.0372596
26 0.215144 0.897236 0.0264423 0.0637019
26 0.23738 0.832933 0.0228365 0.0408654
26 0.262019 0.909856 0.0336538 0.0552885
26 0.266226 0.848558 0.0324519 0.0480769
26 0.269832 0.956731 0.0300481 0.0528846
26 0.296875 0.971154 0.03125 0.0576923
26 0.294471 0.883413 0.0216346 0.0456731
26 0.313702 0.853966 0.0264423 0.0540865
26 0.324519 0.905048 0.0288462 0.0456731
26 0.326322 0.961538 0.0276442 0.0625
26 0.352163 0.875 0.0264423 0.0432692
26 0.381611 0.845553 0.0228365 0.0661058
26 0.395433 0.909856 0.0264423 0.0552885
26 0.424279 0.933894 0.03125 0.0408654
26 0.43149 0.870192 0.0360577 0.0625
26 0.438702 0.974159 0.0408654 0.0348558
26 0.445913 0.841947 0.03125 0.0588942
26 0.467548 0.942308 0.0360577 0.0528846
26 0.475962 0.832933 0.0336538 0.0408654
26 0.483173 0.878606 0.0384615 0.0456731
26 0.495793 0.976562 0.0252404 0.0300481
26 0.497596 0.79988 0.0144231 0.0276442
26 0.510817 0.844952 0.0360577 0.0408654
26 0.514423 0.951322 0.0384615 0.0516827
26 0.51863 0.900841 0.0324519 0.0564904
26 0.542668 0.98137 0.0420673 0.0348558
26 0.542067 0.932692 0.0360577 0.0480769
26 0.549279 0.826322 0.0360577 0.0564904
26 0.54988 0.866587 0.0324519 0.0552885
26 0.561298 0.969952 0.0360577 0.0408654
26 0.585938 0.927885 0.0372596 0.0384615
26 0.582933 0.878005 0.0264423 0.0685096
26 0.587139 0.816106 0.0348558 0.0360577
26 0.603966 0.963942 0.0540865 0.0384615
26 0.611779 0.861779 0.0264423 0.0552885
26 0.612981 0.91887 0.0288462 0.0637019
26 0.614784 0.823317 0.0228365 0.0456731
26 0.640625 0.949519 0.0264423 0.0384615
26 0.65024 0.860577 0.0360577 0.0576923
26 0.682692 0.844952 0.0384615 0.0408654
26 0.709135 0.784255 0.0384615 0.0540865
26 0.726562 0.798077 0.0300481 0.0432692
26 0.763221 0.757812 0.0600962 0.0829327
26 0.766226 0.819712 0.0372596 0.0240385
26 0.807692 0.815505 0.0384615 0.0492788
26 0.83113 0.778846 0.0372596 0.0528846
