45 0.0102163 0.409255 0.0204327 0.0252404
45 0.046274 0.0216346 0.0300481 0.0432692
45 0.0540865 0.760216 0.0264423 0.102163
45 0.078125 0.0228365 0.0264423 0.0456731
45 0.0835337 0.890024 0.0276442 0.0540865
45 0.127404 0.679087 0.0288462 0.0456731
45 0.138221 0.188101 0.0456731 0.0877404
45 0.132212 0.83113 0.0288462 0.0516827
45 0.159255 0.925481 0.0252404 0.0432692
45 0.16226 0.68149 0.0216346 0.0456731
45 0.171274 0.887019 0.0252404 0.0432692
45 0.171875 0.106971 0.0264423 0.0456731
45 0.183894 0.98137 0.0216346 0.0348558
45 0.191707 0.536659 0.0276442 0.0637019
45 0.260817 0.0973558 0.0216346 0.0697115
45 0.32512 0.0486779 0.0925481 0.0925481
45 0.316106 0.221755 0.0408654 0.0540865
45 0.411659 0.242188 0.0204327 0.0516827
45 0.475361 0.436298 0.0228365 0.0456731
45 0.748798 0.302885 0.209135 0.3125
45 0.731971 0.138822 0.0600962 0.114183
