26 0.0510817 0.774639 0.0300481 0.0540865
26 0.0799279 0.890024 0.0348558 0.0685096
26 0.129808 0.827524 0.0240385 0.0637019
26 0.13762 0.185697 0.0396635 0.0877404
26 0.16226 0.670072 0.0264423 0.0564904
26 0.170072 0.884615 0.0228365 0.0384615
26 0.197716 0.542668 0.0252404 0.0901442
26 0.252404 0.0925481 0.0240385 0.0697115
26 0.304688 0.222957 0.0276442 0.0564904
26 0.32512 0.0366587 0.0252404 0.0444712
26 0.360577 0.0390625 0.0192308 0.0540865
26 0.413462 0.237981 0.0240385 0.0625
26 0.675481 0.272236 0.0528846 0.0733173
26 0.726562 0.260216 0.0444712 0.116587
26 0.730769 0.144832 0.0528846 0.0925481
26 0.759014 0.388822 0.0420673 0.104567
26 0.774639 0.310697 0.0492788 0.0588942
26 0.77524 0.189303 0.0360577 0.0949519
26 0.798678 0.240986 0.0588942 0.102163
26 0.811298 0.323918 0.0408654 0.0661058
