56 0.0432692 0.891827 0.0865385 0.211538
56 0.0540865 0.634615 0.108173 0.158654
56 0.0901442 0.305288 0.180288 0.283654
56 0.0558894 0.748197 0.106971 0.198317
56 0.0667067 0.561899 0.128606 0.123798
56 0.200721 0.882212 0.223558 0.216346
56 0.179087 0.617188 0.175481 0.123798
56 0.16887 0.530649 0.155048 0.0853365
56 0.197716 0.721154 0.198317 0.168269
56 0.311899 0.305288 0.316106 0.197115
56 0.301082 0.501202 0.126202 0.0600962
56 0.314904 0.554688 0.129808 0.0997596
56 0.332332 0.623197 0.145433 0.121394
56 0.385216 0.72476 0.164663 0.137019
56 0.415865 0.853365 0.197115 0.211538
56 0.42488 0.495793 0.11899 0.0829327
56 0.492188 0.267428 0.253606 0.15024
56 0.45613 0.579327 0.11899 0.110577
56 0.513822 0.66226 0.128606 0.112981
56 0.668269 0.644832 0.418269 0.395433
56 0.54988 0.486178 0.147837 0.0685096
56 0.579327 0.507812 0.149038 0.0733173
56 0.588942 0.77524 0.149038 0.180288
56 0.60637 0.564303 0.159856 0.0612981
56 0.652043 0.588942 0.174279 0.0721154
56 0.771034 0.63101 0.393029 0.382212
56 0.688101 0.66226 0.21274 0.117788
56 0.765024 0.763221 0.217548 0.137019
56 0.838341 0.573918 0.320913 0.30649
56 0.738582 0.474159 0.0877404 0.106971
56 0.807091 0.525841 0.114183 0.0949519
56 0.819712 0.439303 0.139423 0.046875
56 0.888221 0.513221 0.223558 0.199519
56 0.860577 0.458534 0.139423 0.0612981
56 0.897236 0.596154 0.116587 0.110577
56 0.927284 0.495793 0.143029 0.0829327
56 0.945312 0.54387 0.0829327 0.0685096
56 0.967548 0.677885 0.0649038 0.0913462
56 0.984375 0.581731 0.03125 0.0865385
