31 0.546274 0.328125 0.155048 0.127404
31 0.0883413 0.0799279 0.152644 0.121394
31 0.472356 0.222356 0.911058 0.444712
31 0.0841346 0.0120192 0.0480769 0.0240385
31 0.182091 0.0426683 0.143029 0.0853365
31 0.178486 0.226562 0.0877404 0.0973558
31 0.20613 0.127404 0.133413 0.115385
31 0.252404 0.189303 0.134615 0.0853365
31 0.248798 0.274639 0.122596 0.0829327
31 0.346755 0.0847356 0.126202 0.159856
31 0.350361 0.230769 0.0949519 0.0576923
31 0.383413 0.150841 0.112981 0.0901442
31 0.435096 0.415865 0.100962 0.0721154
31 0.438101 0.0510817 0.0637019 0.102163
31 0.484375 0.0204327 0.0600962 0.0408654
31 0.625 0.40024 0.125 0.09375
31 0.752404 0.363582 0.110577 0.116587
31 0.859375 0.331731 0.117788 0.100962
31 0.880409 0.209736 0.0973558 0.121394
