31 0.230168 0.496394 0.191106 0.141827
31 0.280048 0.602163 0.117788 0.0649038
31 0.311298 0.689303 0.170673 0.114183
31 0.432091 0.243389 0.253606 0.164663
31 0.417668 0.590144 0.167067 0.122596
31 0.459135 0.766226 0.163462 0.123798
31 0.450721 0.433293 0.0841346 0.0925481
31 0.495192 0.675481 0.125 0.0721154
31 0.560096 0.338942 0.168269 0.120192
31 0.546875 0.641827 0.117788 0.0817308
31 0.590745 0.464543 0.200721 0.179087
31 0.595553 0.729567 0.128606 0.108173
31 0.604567 0.615385 0.141827 0.120192
31 0.641827 0.0510817 0.163462 0.102163
31 0.61899 0.154447 0.112981 0.111779
31 0.661659 0.26262 0.155048 0.135817
31 0.675481 0.811298 0.125 0.117788
31 0.710337 0.421875 0.132212 0.112981
31 0.73738 0.667668 0.186298 0.167067
31 0.716346 0.0817308 0.139423 0.125
31 0.727163 0.534255 0.137019 0.111779
31 0.776442 0.173678 0.139423 0.111779
31 0.77524 0.279447 0.132212 0.111779
31 0.778846 0.763221 0.129808 0.137019
31 0.919471 0.190505 0.161058 0.145433
31 0.980769 0.75601 0.0384615 0.0841346
