18 0.0492788 0.722356 0.0985577 0.0697115
18 0.0222356 0.597356 0.0396635 0.0552885
18 0.0450721 0.905649 0.0853365 0.0901442
18 0.0360577 0.543269 0.0480769 0.0528846
18 0.0637019 0.492188 0.0456731 0.0516827
18 0.104567 0.570312 0.0889423 0.0540865
18 0.139423 0.772236 0.110577 0.0733173
18 0.142428 0.514423 0.0685096 0.0480769
18 0.18149 0.694111 0.0889423 0.0709135
18 0.191106 0.607572 0.0841346 0.0564904
18 0.208534 0.55649 0.0661058 0.0408654
18 0.253005 0.815505 0.102163 0.0733173
18 0.273438 0.73137 0.0901442 0.0637019
18 0.289663 0.654447 0.0889423 0.0637019
18 0.369591 0.78726 0.109375 0.0745192
18 0.362981 0.627404 0.0769231 0.0576923
18 0.399639 0.691707 0.0973558 0.0612981
18 0.549279 0.739784 0.0889423 0.0612981
18 0.611178 0.677284 0.0829327 0.0853365
18 0.635817 0.805288 0.0889423 0.0576923
18 0.682692 0.746995 0.0817308 0.0612981
18 0.695913 0.658053 0.0793269 0.046875
18 0.711538 0.871995 0.105769 0.0612981
18 0.780649 0.807692 0.0901442 0.0721154
18 0.786659 0.71875 0.0829327 0.0528846
18 0.846755 0.894832 0.0973558 0.0685096
18 0.889423 0.769231 0.0865385 0.0673077
18 0.904447 0.697716 0.078125 0.0540865
18 0.954928 0.848558 0.0637019 0.0721154
18 0.971154 0.66887 0.0480769 0.0348558
18 0.968149 0.744591 0.0372596 0.046875
18 0.0492788 0.722356 0.0985577 0.0697115
18 0.0222356 0.597356 0.0396635 0.0552885
18 0.0450721 0.905649 0.0853365 0.0901442
18 0.0360577 0.543269 0.0480769 0.0528846
18 0.0637019 0.492188 0.0456731 0.0516827
18 0.104567 0.570312 0.0889423 0.0540865
18 0.139423 0.772236 0.110577 0.0733173
18 0.142428 0.514423 0.0685096 0.0480769
18 0.18149 0.694111 0.0889423 0.0709135
18 0.191106 0.607572 0.0841346 0.0564904
18 0.208534 0.55649 0.0661058 0.0408654
18 0.253005 0.815505 0.102163 0.0733173
18 0.273438 0.73137 0.0901442 0.0637019
18 0.289663 0.654447 0.0889423 0.0637019
18 0.369591 0.78726 0.109375 0.0745192
18 0.362981 0.627404 0.0769231 0.0576923
18 0.399639 0.691707 0.0973558 0.0612981
18 0.549279 0.739784 0.0889423 0.0612981
18 0.611178 0.677284 0.0829327 0.0853365
18 0.635817 0.805288 0.0889423 0.0576923
18 0.682692 0.746995 0.0817308 0.0612981
18 0.695913 0.658053 0.0793269 0.046875
18 0.711538 0.871995 0.105769 0.0612981
18 0.780649 0.807692 0.0901442 0.0721154
18 0.786659 0.71875 0.0829327 0.0528846
18 0.846755 0.894832 0.0973558 0.0685096
18 0.889423 0.769231 0.0865385 0.0673077
18 0.904447 0.697716 0.078125 0.0540865
18 0.954928 0.848558 0.0637019 0.0721154
18 0.971154 0.66887 0.0480769 0.0348558
18 0.968149 0.744591 0.0372596 0.046875
18 0.0492788 0.722356 0.0985577 0.0697115
18 0.0222356 0.597356 0.0396635 0.0552885
18 0.0450721 0.905649 0.0853365 0.0901442
18 0.0360577 0.543269 0.0480769 0.0528846
18 0.0637019 0.492188 0.0456731 0.0516827
18 0.104567 0.570312 0.0889423 0.0540865
18 0.139423 0.772236 0.110577 0.0733173
18 0.142428 0.514423 0.0685096 0.0480769
18 0.18149 0.694111 0.0889423 0.0709135
18 0.191106 0.607572 0.0841346 0.0564904
18 0.208534 0.55649 0.0661058 0.0408654
18 0.253005 0.815505 0.102163 0.0733173
18 0.273438 0.73137 0.0901442 0.0637019
18 0.289663 0.654447 0.0889423 0.0637019
18 0.369591 0.78726 0.109375 0.0745192
18 0.362981 0.627404 0.0769231 0.0576923
18 0.399639 0.691707 0.0973558 0.0612981
18 0.549279 0.739784 0.0889423 0.0612981
18 0.611178 0.677284 0.0829327 0.0853365
18 0.635817 0.805288 0.0889423 0.0576923
18 0.682692 0.746995 0.0817308 0.0612981
18 0.695913 0.658053 0.0793269 0.046875
18 0.711538 0.871995 0.105769 0.0612981
18 0.780649 0.807692 0.0901442 0.0721154
18 0.786659 0.71875 0.0829327 0.0528846
18 0.846755 0.894832 0.0973558 0.0685096
18 0.889423 0.769231 0.0865385 0.0673077
18 0.904447 0.697716 0.078125 0.0540865
18 0.954928 0.848558 0.0637019 0.0721154
18 0.971154 0.66887 0.0480769 0.0348558
18 0.968149 0.744591 0.0372596 0.046875
