25 0.0324519 0.153846 0.0649038 0.245192
25 0.0360577 0.379808 0.0721154 0.389423
25 0.499399 0.469952 0.998798 0.939904
25 0.164663 0.0985577 0.141827 0.197115
25 0.278846 0.230769 0.307692 0.461538
25 0.482572 0.0685096 0.152644 0.137019
25 0.642428 0.176683 0.289663 0.353365
25 0.850361 0.347957 0.296875 0.604567
25 0.88101 0.0985577 0.233173 0.197115
25 0.0324519 0.153846 0.0649038 0.245192
25 0.0360577 0.379808 0.0721154 0.389423
25 0.499399 0.469952 0.998798 0.939904
25 0.164663 0.0985577 0.141827 0.197115
25 0.278846 0.230769 0.307692 0.461538
25 0.482572 0.0685096 0.152644 0.137019
25 0.642428 0.176683 0.289663 0.353365
25 0.850361 0.347957 0.296875 0.604567
25 0.88101 0.0985577 0.233173 0.197115
