53 0.0835337 0.697716 0.16226 0.0973558
53 0.245192 0.546274 0.115385 0.121394
53 0.378606 0.388822 0.103365 0.0997596
53 0.526442 0.0330529 0.0336538 0.0516827
53 0.558293 0.491587 0.0877404 0.103365
53 0.548678 0.0853365 0.0348558 0.0552885
53 0.638221 0.131611 0.0456731 0.0757212
53 0.661659 0.112981 0.0204327 0.0288462
53 0.740986 0.475962 0.111779 0.125
53 0.786058 0.145433 0.0480769 0.0600962
53 0.864784 0.151442 0.0372596 0.0528846
53 0.866587 0.0967548 0.0168269 0.015625
53 0.899038 0.16887 0.0336538 0.0348558
53 0.94351 0.59375 0.0889423 0.120192
53 0.920673 0.147236 0.0384615 0.0492788
53 0.963341 0.129808 0.046875 0.0480769
