79 0.409856 0.802284 0.175481 0.258413
79 0.555288 0.79988 0.254808 0.268029
79 0.548678 0.478966 0.236779 0.328125
79 0.626202 0.739784 0.194712 0.248798
79 0.665264 0.33774 0.11899 0.34375
79 0.683293 0.722356 0.0877404 0.194712
79 0.73738 0.614784 0.171875 0.258413
79 0.774038 0.557091 0.211538 0.28726
79 0.739183 0.308293 0.132212 0.313702
79 0.77524 0.0727163 0.185096 0.135817
79 0.807692 0.367188 0.173077 0.234375
79 0.882812 0.0811298 0.121394 0.147837
79 0.941707 0.078726 0.114183 0.157452
