18 0.356971 0.378606 0.502404 0.276442
18 0.0456731 0.676082 0.0913462 0.183894
18 0.0685096 0.399639 0.137019 0.251202
18 0.204928 0.212139 0.409856 0.155048
18 0.46274 0.939904 0.752404 0.115385
18 0.523438 0.666466 0.777644 0.448317
18 0.650841 0.201322 0.450721 0.167067
18 0.807692 0.36238 0.384615 0.263221
18 0.945312 0.206731 0.106971 0.0961538
18 0.356971 0.378606 0.502404 0.276442
18 0.0456731 0.676082 0.0913462 0.183894
18 0.0685096 0.399639 0.137019 0.251202
18 0.204928 0.212139 0.409856 0.155048
18 0.46274 0.939904 0.752404 0.115385
18 0.523438 0.666466 0.777644 0.448317
18 0.650841 0.201322 0.450721 0.167067
18 0.807692 0.36238 0.384615 0.263221
18 0.945312 0.206731 0.106971 0.0961538
18 0.356971 0.378606 0.502404 0.276442
18 0.0456731 0.676082 0.0913462 0.183894
18 0.0685096 0.399639 0.137019 0.251202
18 0.204928 0.212139 0.409856 0.155048
18 0.46274 0.939904 0.752404 0.115385
18 0.523438 0.666466 0.777644 0.448317
18 0.650841 0.201322 0.450721 0.167067
18 0.807692 0.36238 0.384615 0.263221
18 0.945312 0.206731 0.106971 0.0961538
