56 0.0949519 0.742188 0.0456731 0.0420673
56 0.129207 0.409255 0.046875 0.0829327
56 0.155649 0.536058 0.0949519 0.100962
56 0.180288 0.233173 0.129808 0.0673077
56 0.200721 0.372596 0.161058 0.0769231
56 0.144231 0.715144 0.0336538 0.0504808
56 0.167067 0.424279 0.0408654 0.0697115
56 0.211538 0.408654 0.0384615 0.0576923
56 0.215745 0.507212 0.0324519 0.0384615
56 0.236178 0.863582 0.0637019 0.121394
56 0.22476 0.555288 0.0360577 0.0576923
56 0.230168 0.594351 0.0276442 0.0588942
56 0.248197 0.802885 0.0540865 0.0961538
56 0.246394 0.396635 0.0408654 0.0576923
56 0.251202 0.515625 0.0264423 0.0504808
56 0.259615 0.578125 0.0288462 0.0697115
56 0.266226 0.746394 0.0420673 0.0841346
56 0.270433 0.388221 0.0168269 0.0649038
56 0.296274 0.874399 0.0588942 0.138221
56 0.284856 0.548678 0.0216346 0.078125
56 0.313101 0.800481 0.0540865 0.110577
56 0.319111 0.753606 0.0516827 0.0697115
56 0.328125 0.515625 0.0408654 0.0360577
56 0.333534 0.546274 0.0420673 0.0685096
56 0.350962 0.487981 0.0336538 0.0240385
56 0.371394 0.870793 0.0600962 0.126202
56 0.371394 0.792668 0.0552885 0.0805288
56 0.365986 0.559495 0.0396635 0.0805288
56 0.380409 0.762019 0.0540865 0.0625
56 0.394231 0.492788 0.0336538 0.0384615
56 0.405048 0.543269 0.0408654 0.0528846
56 0.420072 0.514423 0.0372596 0.0576923
56 0.478365 0.516827 0.0240385 0.0673077
56 0.496394 0.543269 0.0408654 0.0865385
56 0.512019 0.481971 0.0336538 0.0600962
56 0.521635 0.772837 0.0528846 0.0889423
56 0.529447 0.863582 0.0588942 0.13101
56 0.526442 0.791466 0.0480769 0.0733173
56 0.536058 0.548678 0.0384615 0.0829327
56 0.551082 0.484375 0.0396635 0.0504808
56 0.570913 0.759615 0.0360577 0.0480769
56 0.581731 0.859375 0.0528846 0.0985577
56 0.575721 0.796875 0.0360577 0.0552885
56 0.576322 0.534255 0.0372596 0.0829327
56 0.581731 0.483173 0.0336538 0.0336538
56 0.61899 0.765625 0.0408654 0.0745192
56 0.627404 0.80649 0.0480769 0.0552885
56 0.644832 0.85637 0.0540865 0.106971
56 0.646034 0.480769 0.0276442 0.0288462
56 0.654447 0.535457 0.0348558 0.0805288
56 0.683894 0.46875 0.0264423 0.0480769
56 0.690505 0.544471 0.0396635 0.0841346
56 0.723558 0.485577 0.0336538 0.0528846
56 0.73137 0.540865 0.0348558 0.0865385
56 0.757212 0.753606 0.0528846 0.09375
56 0.754808 0.515625 0.0144231 0.0985577
56 0.774639 0.811899 0.0540865 0.104567
56 0.800481 0.872596 0.0576923 0.115385
56 0.816707 0.759615 0.0564904 0.0961538
56 0.841947 0.816106 0.0444712 0.09375
56 0.871394 0.872596 0.0649038 0.110577
56 0.873798 0.752404 0.0456731 0.0865385
56 0.902043 0.798077 0.0540865 0.105769
56 0.929688 0.855168 0.0612981 0.114183
