18 0.643029 0.557091 0.141827 0.133413
18 0.102163 0.467548 0.132212 0.103365
18 0.208534 0.521635 0.133413 0.125
18 0.221755 0.415865 0.13101 0.100962
18 0.345553 0.442308 0.128606 0.115385
18 0.600962 0.428486 0.466346 0.376202
18 0.46875 0.70613 0.139423 0.138221
18 0.643029 0.557091 0.141827 0.133413
18 0.102163 0.467548 0.132212 0.103365
18 0.208534 0.521635 0.133413 0.125
18 0.221755 0.415865 0.13101 0.100962
18 0.345553 0.442308 0.128606 0.115385
18 0.600962 0.428486 0.466346 0.376202
18 0.46875 0.70613 0.139423 0.138221
18 0.643029 0.557091 0.141827 0.133413
18 0.102163 0.467548 0.132212 0.103365
18 0.208534 0.521635 0.133413 0.125
18 0.221755 0.415865 0.13101 0.100962
18 0.345553 0.442308 0.128606 0.115385
18 0.600962 0.428486 0.466346 0.376202
18 0.46875 0.70613 0.139423 0.138221
