56 0.319111 0.567909 0.0949519 0.126202
56 0.165865 0.477163 0.0961538 0.165865
56 0.178486 0.617788 0.102163 0.216346
56 0.207933 0.40625 0.0841346 0.192308
56 0.262019 0.703726 0.129808 0.22476
56 0.270433 0.336538 0.0793269 0.173077
56 0.366587 0.291466 0.0745192 0.164663
56 0.411659 0.722957 0.126202 0.234375
56 0.418269 0.447716 0.0961538 0.179087
56 0.438702 0.573317 0.103365 0.213942
56 0.449519 0.360577 0.0817308 0.153846
56 0.462139 0.292067 0.078125 0.151442
56 0.527043 0.402043 0.0877404 0.164663
56 0.54988 0.683894 0.123798 0.247596
56 0.538462 0.516827 0.0961538 0.177885
56 0.557091 0.320913 0.0853365 0.165865
56 0.614784 0.383413 0.0901442 0.170673
56 0.641226 0.59375 0.114183 0.225962
56 0.643029 0.45613 0.0985577 0.147837
