62 0.0192308 0.6875 0.0384615 0.153846
62 0.125601 0.65024 0.155048 0.199519
62 0.264423 0.594351 0.134615 0.207933
62 0.36899 0.593149 0.0841346 0.133413
62 0.440505 0.573317 0.0877404 0.108173
62 0.522837 0.532452 0.0985577 0.132212
62 0.599159 0.509014 0.102163 0.143029
62 0.682692 0.509014 0.0817308 0.114183
62 0.727764 0.488582 0.0661058 0.111779
62 0.789663 0.483173 0.0793269 0.0961538
62 0.840144 0.477764 0.0504808 0.0901442
62 0.891226 0.46875 0.0564904 0.0961538
62 0.942308 0.461538 0.0625 0.0913462
62 0.984375 0.457332 0.03125 0.0637019
62 0.99399 0.436298 0.0120192 0.0168269
