19 0.504207 0.722957 0.0853365 0.128606
19 0.225361 0.689303 0.0709135 0.114183
19 0.23738 0.555889 0.0757212 0.126202
19 0.247596 0.412861 0.0769231 0.0997596
19 0.324519 0.702524 0.0817308 0.111779
19 0.325721 0.569712 0.0649038 0.115385
19 0.332332 0.435697 0.0685096 0.106971
19 0.406851 0.721154 0.0637019 0.0961538
19 0.402644 0.582933 0.0504808 0.103365
19 0.406851 0.458534 0.0492788 0.109375
19 0.501803 0.539663 0.0805288 0.132212
19 0.508413 0.381611 0.0841346 0.128606
19 0.596154 0.713341 0.0817308 0.11899
19 0.591346 0.559495 0.0673077 0.11899
19 0.593149 0.408053 0.0612981 0.11899
19 0.677885 0.721755 0.0673077 0.121394
19 0.682692 0.574519 0.0769231 0.110577
19 0.677284 0.432692 0.0612981 0.115385
19 0.755409 0.452524 0.0540865 0.102163
19 0.757212 0.739183 0.0576923 0.108173
19 0.761418 0.596755 0.0661058 0.111779
