25 0.172476 0.685697 0.133413 0.183894
25 0.216346 0.335938 0.163462 0.186298
25 0.220553 0.557091 0.171875 0.186298
25 0.228365 0.788462 0.144231 0.192308
25 0.225962 0.447115 0.110577 0.0528846
25 0.334736 0.375601 0.183894 0.222356
25 0.339543 0.838341 0.155048 0.205529
25 0.334135 0.253005 0.139423 0.0925481
25 0.350361 0.617788 0.171875 0.206731
25 0.36238 0.117188 0.195913 0.167067
25 0.501803 0.824519 0.157452 0.206731
25 0.521635 0.344351 0.173077 0.183894
25 0.511418 0.220553 0.147837 0.114183
25 0.522837 0.59375 0.161058 0.197115
25 0.61238 0.500601 0.157452 0.179087
25 0.632812 0.727163 0.159856 0.180288
25 0.630409 0.600962 0.0925481 0.0913462
25 0.172476 0.685697 0.133413 0.183894
25 0.216346 0.335938 0.163462 0.186298
25 0.220553 0.557091 0.171875 0.186298
25 0.228365 0.788462 0.144231 0.192308
25 0.225962 0.447115 0.110577 0.0528846
25 0.334736 0.375601 0.183894 0.222356
25 0.339543 0.838341 0.155048 0.205529
25 0.334135 0.253005 0.139423 0.0925481
25 0.350361 0.617788 0.171875 0.206731
25 0.36238 0.117188 0.195913 0.167067
25 0.501803 0.824519 0.157452 0.206731
25 0.521635 0.344351 0.173077 0.183894
25 0.511418 0.220553 0.147837 0.114183
25 0.522837 0.59375 0.161058 0.197115
25 0.61238 0.500601 0.157452 0.179087
25 0.632812 0.727163 0.159856 0.180288
25 0.630409 0.600962 0.0925481 0.0913462
