14 0.490986 0.511418 0.977163 0.97476
14 0.0588942 0.652644 0.103365 0.175481
14 0.0805288 0.105769 0.09375 0.163462
14 0.200721 0.926082 0.103365 0.145433
14 0.203726 0.396034 0.0997596 0.16226
14 0.349159 0.114183 0.0925481 0.161058
14 0.472957 0.414663 0.0997596 0.170673
14 0.477163 0.948918 0.0985577 0.0997596
14 0.61899 0.108173 0.09375 0.158654
14 0.653846 0.691106 0.100962 0.170673
14 0.778846 0.893029 0.105769 0.175481
14 0.78726 0.358173 0.0985577 0.173077
14 0.914663 0.580529 0.103365 0.180288
14 0.926683 0.114183 0.103365 0.15625
