21 0.0264423 0.490385 0.0528846 0.0913462
21 0.156851 0.464543 0.0540865 0.111779
21 0.296875 0.689904 0.0360577 0.0721154
21 0.346755 0.547476 0.106971 0.138221
21 0.358774 0.725361 0.0444712 0.0853365
21 0.410457 0.684495 0.046875 0.0516827
21 0.415865 0.219952 0.0480769 0.0889423
21 0.409255 0.061899 0.0300481 0.0757212
21 0.477764 0.0883413 0.0516827 0.0516827
21 0.661659 0.329928 0.0829327 0.0829327
21 0.741587 0.225962 0.0552885 0.0673077
21 0.809495 0.1875 0.0372596 0.0721154
21 0.882812 0.4375 0.0733173 0.0769231
21 0.878005 0.138221 0.0396635 0.0504808
21 0.888221 0.339543 0.0264423 0.0637019
21 0.947716 0.127404 0.0396635 0.0769231
21 0.97476 0.372596 0.0456731 0.105769
