28 0.164062 0.170072 0.198317 0.176683
28 0.259615 0.14363 0.192308 0.18149
28 0.292067 0.46274 0.228365 0.242788
28 0.33774 0.0504808 0.199519 0.0528846
28 0.417668 0.0703125 0.234375 0.0588942
28 0.408654 0.450721 0.182692 0.209135
28 0.446514 0.120192 0.239183 0.0432692
28 0.449519 0.84976 0.230769 0.300481
28 0.499399 0.179688 0.253606 0.11899
28 0.484976 0.422476 0.152644 0.22476
28 0.684495 0.631611 0.36899 0.109375
28 0.608173 0.378606 0.173077 0.199519
28 0.649639 0.838942 0.198317 0.322115
28 0.713942 0.363582 0.197115 0.203125
28 0.838341 0.843149 0.191106 0.311298
28 0.957332 0.801082 0.0829327 0.328125
