25 0.159255 0.777043 0.183894 0.246394
25 0.170673 0.471154 0.182692 0.230769
25 0.176082 0.202524 0.174279 0.207933
25 0.387019 0.769832 0.182692 0.251202
25 0.389423 0.46875 0.173077 0.240385
25 0.391226 0.200721 0.167067 0.213942
25 0.603966 0.195312 0.169471 0.203125
25 0.612981 0.460337 0.168269 0.21875
25 0.620192 0.76262 0.177885 0.251202
25 0.805889 0.192909 0.169471 0.207933
25 0.825721 0.471154 0.170673 0.230769
25 0.845553 0.759014 0.16226 0.248798
25 0.159255 0.777043 0.183894 0.246394
25 0.170673 0.471154 0.182692 0.230769
25 0.176082 0.202524 0.174279 0.207933
25 0.387019 0.769832 0.182692 0.251202
25 0.389423 0.46875 0.173077 0.240385
25 0.391226 0.200721 0.167067 0.213942
25 0.603966 0.195312 0.169471 0.203125
25 0.612981 0.460337 0.168269 0.21875
25 0.620192 0.76262 0.177885 0.251202
25 0.805889 0.192909 0.169471 0.207933
25 0.825721 0.471154 0.170673 0.230769
25 0.845553 0.759014 0.16226 0.248798
