57 0.282452 0.848558 0.0697115 0.0673077
57 0.329928 0.414663 0.0637019 0.117788
57 0.40024 0.564303 0.0456731 0.11899
57 0.422476 0.352764 0.0661058 0.143029
57 0.463942 0.563702 0.0480769 0.0552885
57 0.490385 0.513221 0.0913462 0.132212
57 0.489183 0.836538 0.0600962 0.0961538
57 0.551082 0.498197 0.0396635 0.0637019
57 0.574519 0.374399 0.0336538 0.0661058
57 0.590144 0.745192 0.0456731 0.0673077
57 0.663462 0.321514 0.0865385 0.0949519
57 0.660457 0.446514 0.0612981 0.0757212
57 0.678486 0.614183 0.0540865 0.0793269
57 0.765024 0.514423 0.0492788 0.0721154
57 0.916466 0.735577 0.0588942 0.0721154
57 0.922476 0.0612981 0.0516827 0.0552885
57 0.926683 0.648438 0.0168269 0.0276442
