14 0.0228365 0.335938 0.0456731 0.046875
14 0.0252404 0.266226 0.0504808 0.0997596
14 0.158654 0.665264 0.293269 0.335337
14 0.0865385 0.429688 0.0721154 0.0661058
14 0.41887 0.724159 0.0492788 0.0444712
14 0.531851 0.253005 0.0396635 0.0444712
14 0.552284 0.801683 0.0709135 0.0504808
14 0.545072 0.701322 0.0276442 0.0372596
14 0.582933 0.4375 0.0649038 0.0913462
14 0.618389 0.597957 0.0877404 0.128606
14 0.603966 0.335938 0.0492788 0.0709135
14 0.603966 0.781851 0.0396635 0.0444712
14 0.620793 0.263221 0.0685096 0.0985577
14 0.746995 0.622596 0.229567 0.240385
14 0.682692 0.42488 0.0673077 0.0709135
14 0.673678 0.569712 0.0444712 0.0528846
14 0.822716 0.421875 0.0877404 0.151442
