18 0.576322 0.704327 0.0997596 0.125
18 0.0168269 0.663462 0.0336538 0.110577
18 0.0979567 0.330529 0.0709135 0.103365
18 0.120192 0.705529 0.0913462 0.122596
18 0.201322 0.248197 0.0805288 0.106971
18 0.206731 0.828726 0.0673077 0.114183
18 0.332332 0.152043 0.0637019 0.111779
18 0.423678 0.277644 0.0829327 0.127404
18 0.442909 0.66887 0.0733173 0.111779
18 0.551683 0.32512 0.0793269 0.0973558
18 0.664663 0.239784 0.0889423 0.114183
18 0.661659 0.829928 0.0733173 0.116587
18 0.798077 0.136418 0.0721154 0.123798
18 0.891827 0.269832 0.0913462 0.13101
18 0.908654 0.666466 0.0721154 0.111779
18 0.576322 0.704327 0.0997596 0.125
18 0.0168269 0.663462 0.0336538 0.110577
18 0.0979567 0.330529 0.0709135 0.103365
18 0.120192 0.705529 0.0913462 0.122596
18 0.201322 0.248197 0.0805288 0.106971
18 0.206731 0.828726 0.0673077 0.114183
18 0.332332 0.152043 0.0637019 0.111779
18 0.423678 0.277644 0.0829327 0.127404
18 0.442909 0.66887 0.0733173 0.111779
18 0.551683 0.32512 0.0793269 0.0973558
18 0.664663 0.239784 0.0889423 0.114183
18 0.661659 0.829928 0.0733173 0.116587
18 0.798077 0.136418 0.0721154 0.123798
18 0.891827 0.269832 0.0913462 0.13101
18 0.908654 0.666466 0.0721154 0.111779
18 0.576322 0.704327 0.0997596 0.125
18 0.0168269 0.663462 0.0336538 0.110577
18 0.0979567 0.330529 0.0709135 0.103365
18 0.120192 0.705529 0.0913462 0.122596
18 0.201322 0.248197 0.0805288 0.106971
18 0.206731 0.828726 0.0673077 0.114183
18 0.332332 0.152043 0.0637019 0.111779
18 0.423678 0.277644 0.0829327 0.127404
18 0.442909 0.66887 0.0733173 0.111779
18 0.551683 0.32512 0.0793269 0.0973558
18 0.664663 0.239784 0.0889423 0.114183
18 0.661659 0.829928 0.0733173 0.116587
18 0.798077 0.136418 0.0721154 0.123798
18 0.891827 0.269832 0.0913462 0.13101
18 0.908654 0.666466 0.0721154 0.111779
