18 0.0444712 0.59375 0.0889423 0.158654
18 0.0739183 0.438702 0.147837 0.0889423
18 0.0997596 0.278846 0.199519 0.105769
18 0.478365 0.374399 0.956731 0.628606
18 0.156851 0.176683 0.155048 0.103365
18 0.215144 0.102764 0.127404 0.0853365
18 0.247596 0.590144 0.1875 0.132212
18 0.263822 0.454928 0.11899 0.0829327
18 0.334135 0.288462 0.168269 0.110577
18 0.369591 0.183894 0.138221 0.09375
18 0.389423 0.10637 0.120192 0.0829327
18 0.513221 0.598558 0.170673 0.134615
18 0.495793 0.454327 0.111779 0.0673077
18 0.571514 0.197716 0.133413 0.102163
18 0.566707 0.11899 0.104567 0.0649038
18 0.616587 0.303486 0.180288 0.102163
18 0.703125 0.456731 0.103365 0.0528846
18 0.755409 0.609976 0.169471 0.143029
18 0.743389 0.145433 0.0973558 0.0697115
18 0.816707 0.216346 0.147837 0.0961538
18 0.856971 0.321514 0.161058 0.104567
18 0.0444712 0.59375 0.0889423 0.158654
18 0.0739183 0.438702 0.147837 0.0889423
18 0.0997596 0.278846 0.199519 0.105769
18 0.478365 0.374399 0.956731 0.628606
18 0.156851 0.176683 0.155048 0.103365
18 0.215144 0.102764 0.127404 0.0853365
18 0.247596 0.590144 0.1875 0.132212
18 0.263822 0.454928 0.11899 0.0829327
18 0.334135 0.288462 0.168269 0.110577
18 0.369591 0.183894 0.138221 0.09375
18 0.389423 0.10637 0.120192 0.0829327
18 0.513221 0.598558 0.170673 0.134615
18 0.495793 0.454327 0.111779 0.0673077
18 0.571514 0.197716 0.133413 0.102163
18 0.566707 0.11899 0.104567 0.0649038
18 0.616587 0.303486 0.180288 0.102163
18 0.703125 0.456731 0.103365 0.0528846
18 0.755409 0.609976 0.169471 0.143029
18 0.743389 0.145433 0.0973558 0.0697115
18 0.816707 0.216346 0.147837 0.0961538
18 0.856971 0.321514 0.161058 0.104567
18 0.0444712 0.59375 0.0889423 0.158654
18 0.0739183 0.438702 0.147837 0.0889423
18 0.0997596 0.278846 0.199519 0.105769
18 0.478365 0.374399 0.956731 0.628606
18 0.156851 0.176683 0.155048 0.103365
18 0.215144 0.102764 0.127404 0.0853365
18 0.247596 0.590144 0.1875 0.132212
18 0.263822 0.454928 0.11899 0.0829327
18 0.334135 0.288462 0.168269 0.110577
18 0.369591 0.183894 0.138221 0.09375
18 0.389423 0.10637 0.120192 0.0829327
18 0.513221 0.598558 0.170673 0.134615
18 0.495793 0.454327 0.111779 0.0673077
18 0.571514 0.197716 0.133413 0.102163
18 0.566707 0.11899 0.104567 0.0649038
18 0.616587 0.303486 0.180288 0.102163
18 0.703125 0.456731 0.103365 0.0528846
18 0.755409 0.609976 0.169471 0.143029
18 0.743389 0.145433 0.0973558 0.0697115
18 0.816707 0.216346 0.147837 0.0961538
18 0.856971 0.321514 0.161058 0.104567
