32 0.0114183 0.347957 0.0228365 0.0372596
32 0.0132212 0.25 0.0264423 0.0480769
32 0.0204327 0.192308 0.0408654 0.0432692
32 0.0348558 0.333534 0.0408654 0.0372596
32 0.0558894 0.317308 0.0444712 0.0288462
32 0.0600962 0.242788 0.0432692 0.0192308
32 0.0649038 0.18149 0.0336538 0.0360577
32 0.0991587 0.210337 0.0637019 0.0216346
32 0.103365 0.183293 0.0336538 0.0252404
32 0.120192 0.240986 0.0432692 0.0300481
32 0.163462 0.227764 0.0432692 0.0372596
32 0.20012 0.16226 0.0588942 0.0504808
32 0.216346 0.129207 0.0528846 0.0420673
32 0.310697 0.125 0.155048 0.139423
32 0.304087 0.324519 0.0552885 0.0576923
32 0.3125 0.371394 0.0576923 0.0456731
32 0.347356 0.391827 0.0504808 0.0432692
32 0.365986 0.341947 0.0588942 0.0540865
32 0.457332 0.347356 0.0588942 0.0360577
32 0.458534 0.30649 0.0612981 0.0552885
32 0.48738 0.26863 0.0564904 0.0516827
32 0.52524 0.334135 0.0600962 0.0528846
32 0.534255 0.289062 0.0540865 0.0444712
32 0.593149 0.270433 0.0612981 0.0649038
32 0.663462 0.247596 0.0817308 0.0673077
32 0.711538 0.184495 0.0913462 0.0709135
32 0.759615 0.287861 0.0336538 0.0276442
32 0.805288 0.286659 0.0528846 0.0396635
32 0.951923 0.195312 0.0961538 0.0877404
32 0.983173 0.174279 0.0336538 0.0793269
