45 0.292067 0.438101 0.189904 0.102163
45 0.304087 0.251803 0.165865 0.11899
45 0.394231 0.654447 0.134615 0.116587
45 0.433293 0.533053 0.203125 0.143029
45 0.456731 0.805288 0.192308 0.129808
45 0.528846 0.367188 0.211538 0.152644
45 0.530649 0.66226 0.215144 0.112981
45 0.844952 0.452524 0.199519 0.126202
45 0.832332 0.565505 0.140625 0.0877404
45 0.819111 0.254207 0.0997596 0.0805288
45 0.909856 0.70613 0.180288 0.11899
45 0.914663 0.366587 0.0793269 0.0408654
45 0.966346 0.203726 0.0673077 0.0709135
