8 0.0276442 0.501202 0.0552885 0.0552885
8 0.129808 0.218149 0.0480769 0.0516827
8 0.184495 0.955529 0.0276442 0.0552885
8 0.207933 0.485577 0.0504808 0.0721154
8 0.33113 0.273438 0.0372596 0.0757212
8 0.346154 0.357572 0.0336538 0.0661058
8 0.417067 0.355769 0.0456731 0.0528846
8 0.464543 0.335938 0.0348558 0.0420673
8 0.457933 0.63762 0.0168269 0.0252404
8 0.519832 0.469351 0.0348558 0.0637019
8 0.534255 0.260216 0.0252404 0.0204327
8 0.551082 0.215144 0.0492788 0.0600962
8 0.584135 0.269231 0.0192308 0.0288462
8 0.596154 0.225962 0.0384615 0.0480769
8 0.608774 0.0174279 0.0252404 0.0348558
8 0.768029 0.185697 0.0504808 0.0588942
8 0.784856 0.280649 0.0360577 0.0372596
8 0.827524 0.292668 0.0252404 0.0420673
8 0.865385 0.22476 0.0432692 0.0697115
8 0.96875 0.180288 0.0288462 0.0480769
8 0.988582 0.179087 0.0204327 0.0456731
