56 0.0576923 0.811298 0.115385 0.367788
56 0.0588942 0.59976 0.117788 0.295673
56 0.0661058 0.433894 0.127404 0.247596
56 0.0751202 0.266226 0.121394 0.219952
56 0.0973558 0.140024 0.117788 0.222356
56 0.198918 0.823918 0.123798 0.258413
56 0.199519 0.58774 0.110577 0.266827
56 0.20012 0.418269 0.0925481 0.221154
56 0.20613 0.263822 0.0949519 0.195913
56 0.209736 0.135216 0.0829327 0.203125
56 0.323317 0.18149 0.103365 0.21875
56 0.341346 0.320913 0.115385 0.233173
56 0.344351 0.494591 0.121394 0.248798
56 0.36238 0.760216 0.143029 0.313702
56 0.445312 0.10637 0.0829327 0.169471
56 0.456731 0.219952 0.0865385 0.242788
56 0.47476 0.409255 0.0985577 0.227163
56 0.515024 0.554688 0.106971 0.272837
56 0.532452 0.766827 0.117788 0.307692
56 0.566106 0.0967548 0.175481 0.135817
56 0.602163 0.221755 0.170673 0.159856
56 0.624399 0.360577 0.195913 0.182692
56 0.658053 0.548077 0.191106 0.211538
56 0.698918 0.745192 0.219952 0.288462
56 0.71274 0.0745192 0.108173 0.149038
56 0.746995 0.194712 0.11899 0.168269
56 0.794471 0.329327 0.127404 0.192308
56 0.816707 0.0685096 0.0949519 0.137019
56 0.838341 0.503606 0.133413 0.199519
56 0.858774 0.189904 0.0877404 0.177885
56 0.893029 0.70613 0.146635 0.234375
56 0.910457 0.313702 0.114183 0.180288
56 0.951923 0.470553 0.0961538 0.219952
56 0.978365 0.691106 0.0432692 0.185096
