62 0.00841346 0.58774 0.0168269 0.03125
62 0.0102163 0.653846 0.0204327 0.0240385
62 0.499399 0.524038 0.998798 0.134615
62 0.00661058 0.543269 0.0132212 0.0144231
62 0.0612981 0.718149 0.0456731 0.0612981
62 0.0492788 0.555288 0.0168269 0.0192308
62 0.0576923 0.522837 0.0144231 0.0168269
62 0.0925481 0.559495 0.0216346 0.0180288
62 0.100361 0.707933 0.0324519 0.0456731
62 0.108173 0.656851 0.0384615 0.0492788
62 0.106971 0.526442 0.0120192 0.0192308
62 0.121995 0.527043 0.0180288 0.0204327
62 0.134615 0.561298 0.0240385 0.0216346
62 0.141827 0.551683 0.0192308 0.0216346
62 0.155048 0.723558 0.0408654 0.0480769
62 0.153245 0.521635 0.0132212 0.0144231
62 0.171274 0.671875 0.0348558 0.0408654
62 0.178486 0.567308 0.0204327 0.0192308
62 0.179688 0.533053 0.0132212 0.0132212
62 0.197115 0.53125 0.0144231 0.0192308
62 0.23137 0.777043 0.0348558 0.0492788
62 0.256611 0.683894 0.0324519 0.0408654
62 0.25601 0.54387 0.0120192 0.015625
62 0.269231 0.53726 0.0144231 0.0216346
62 0.294471 0.58774 0.0264423 0.03125
62 0.302885 0.543269 0.0144231 0.0192308
62 0.305889 0.620793 0.0204327 0.0204327
62 0.323918 0.605168 0.0180288 0.0132212
62 0.328125 0.620192 0.0216346 0.0288462
62 0.330529 0.564303 0.0120192 0.0132212
62 0.346755 0.617188 0.0204327 0.0276442
62 0.368389 0.736178 0.0492788 0.0637019
62 0.349159 0.554087 0.0108173 0.0216346
62 0.363582 0.569712 0.0204327 0.0192308
62 0.370192 0.670072 0.0336538 0.0276442
62 0.372596 0.61899 0.0240385 0.0264423
62 0.389423 0.567308 0.0144231 0.0240385
62 0.402043 0.710337 0.0396635 0.0456731
62 0.403846 0.606971 0.0240385 0.03125
62 0.409255 0.649639 0.0348558 0.0492788
62 0.404447 0.567909 0.0204327 0.0204327
62 0.441707 0.753606 0.0420673 0.0552885
62 0.439904 0.580529 0.0240385 0.0264423
62 0.447716 0.627404 0.0252404 0.0288462
62 0.475962 0.624399 0.0240385 0.0276442
62 0.476562 0.579928 0.0204327 0.0204327
62 0.484976 0.639423 0.0276442 0.0240385
62 0.495192 0.566707 0.0144231 0.0228365
62 0.516827 0.5625 0.0144231 0.0192308
62 0.533053 0.566106 0.0132212 0.0168269
62 0.561899 0.594952 0.0180288 0.03125
62 0.578726 0.671875 0.0324519 0.03125
62 0.617188 0.617188 0.0228365 0.0324519
62 0.671274 0.581731 0.0204327 0.0240385
62 0.682091 0.561298 0.0180288 0.0168269
62 0.712139 0.609375 0.0252404 0.03125
62 0.720553 0.707332 0.0420673 0.0492788
62 0.736178 0.605168 0.0204327 0.0276442
62 0.736779 0.635817 0.0216346 0.03125
62 0.740385 0.655649 0.0240385 0.0276442
62 0.748197 0.585337 0.0204327 0.0168269
62 0.757812 0.642428 0.0204327 0.0348558
62 0.76863 0.579327 0.0180288 0.0192308
62 0.769832 0.600962 0.0204327 0.0240385
62 0.78125 0.588942 0.00961538 0.0144231
62 0.805889 0.60637 0.015625 0.0252404
62 0.825721 0.613582 0.0216346 0.0300481
62 0.865986 0.530048 0.0540865 0.0360577
62 0.856971 0.61238 0.0216346 0.0276442
62 0.867188 0.632812 0.0324519 0.0348558
62 0.883413 0.753005 0.0552885 0.135817
62 0.891226 0.576322 0.0228365 0.0228365
62 0.905649 0.638822 0.0276442 0.0420673
62 0.908053 0.597957 0.0180288 0.0276442
62 0.910457 0.459135 0.0132212 0.00961538
62 0.924279 0.459736 0.00721154 0.0108173
62 0.939904 0.611178 0.0240385 0.0348558
62 0.949519 0.579928 0.0192308 0.0108173
62 0.955529 0.591346 0.0168269 0.0288462
62 0.975361 0.78726 0.0420673 0.0649038
62 0.980769 0.670673 0.0336538 0.0432692
62 0.980769 0.596154 0.0192308 0.0288462
