18 0.233774 0.647837 0.116587 0.151442
18 0.0144231 0.240385 0.0288462 0.0817308
18 0.0180288 0.628606 0.0360577 0.151442
18 0.0883413 0.419471 0.0997596 0.146635
18 0.136418 0.259014 0.0853365 0.143029
18 0.319111 0.442308 0.0853365 0.153846
18 0.341346 0.298077 0.0817308 0.129808
18 0.528245 0.322115 0.0564904 0.0961538
18 0.233774 0.647837 0.116587 0.151442
18 0.0144231 0.240385 0.0288462 0.0817308
18 0.0180288 0.628606 0.0360577 0.151442
18 0.0883413 0.419471 0.0997596 0.146635
18 0.136418 0.259014 0.0853365 0.143029
18 0.319111 0.442308 0.0853365 0.153846
18 0.341346 0.298077 0.0817308 0.129808
18 0.528245 0.322115 0.0564904 0.0961538
18 0.233774 0.647837 0.116587 0.151442
18 0.0144231 0.240385 0.0288462 0.0817308
18 0.0180288 0.628606 0.0360577 0.151442
18 0.0883413 0.419471 0.0997596 0.146635
18 0.136418 0.259014 0.0853365 0.143029
18 0.319111 0.442308 0.0853365 0.153846
18 0.341346 0.298077 0.0817308 0.129808
18 0.528245 0.322115 0.0564904 0.0961538
