32 0.078125 0.403846 0.15625 0.235577
32 0.131611 0.758413 0.128606 0.194712
32 0.118389 0.58113 0.0877404 0.0949519
32 0.172476 0.908654 0.18149 0.177885
32 0.215745 0.359375 0.133413 0.180288
32 0.228966 0.16226 0.15024 0.223558
32 0.265625 0.701923 0.204327 0.254808
32 0.253606 0.523438 0.165865 0.18149
32 0.366587 0.340144 0.21875 0.28125
32 0.351562 0.0240385 0.13101 0.0480769
32 0.444111 0.725361 0.167067 0.210337
32 0.460938 0.915264 0.186298 0.167067
32 0.593149 0.763822 0.143029 0.219952
32 0.656851 0.420673 0.222356 0.264423
32 0.594351 0.933894 0.0829327 0.132212
32 0.698317 0.902043 0.170673 0.19351
32 0.680288 0.79387 0.0913462 0.169471
32 0.740385 0.114784 0.168269 0.205529
32 0.783053 0.703726 0.191106 0.263221
32 0.822716 0.916466 0.0685096 0.164663
32 0.894231 0.407452 0.206731 0.271635
