18 0.145433 0.38101 0.127404 0.194712
18 0.236178 0.177284 0.15024 0.215144
18 0.348558 0.888221 0.168269 0.223558
18 0.570312 0.89363 0.174279 0.210337
18 0.671875 0.596154 0.141827 0.192308
18 0.841346 0.566707 0.153846 0.205529
18 0.145433 0.38101 0.127404 0.194712
18 0.236178 0.177284 0.15024 0.215144
18 0.348558 0.888221 0.168269 0.223558
18 0.570312 0.89363 0.174279 0.210337
18 0.671875 0.596154 0.141827 0.192308
18 0.841346 0.566707 0.153846 0.205529
18 0.145433 0.38101 0.127404 0.194712
18 0.236178 0.177284 0.15024 0.215144
18 0.348558 0.888221 0.168269 0.223558
18 0.570312 0.89363 0.174279 0.210337
18 0.671875 0.596154 0.141827 0.192308
18 0.841346 0.566707 0.153846 0.205529
