31 0.257812 0.238582 0.102163 0.188702
31 0.298077 0.728365 0.0769231 0.120192
31 0.561899 0.978966 0.0324519 0.0396635
31 0.591346 0.789062 0.0384615 0.0829327
31 0.616587 0.507212 0.0504808 0.100962
31 0.683894 0.0817308 0.0649038 0.163462
31 0.686899 0.967548 0.0276442 0.0504808
31 0.723558 0.816707 0.0288462 0.0564904
31 0.760216 0.613582 0.0300481 0.0637019
31 0.805288 0.827524 0.0240385 0.0396635
31 0.821514 0.352764 0.0372596 0.0949519
31 0.844952 0.678486 0.0264423 0.0492788
31 0.899038 0.492188 0.0288462 0.0564904
31 0.897837 0.713942 0.0120192 0.0288462
31 0.91226 0.0198317 0.0264423 0.0396635
31 0.944111 0.567909 0.0180288 0.0396635
31 0.971755 0.246995 0.0252404 0.0757212
31 0.992188 0.388221 0.0132212 0.0408654
