75 0.122596 0.158053 0.245192 0.191106
75 0.0570913 0.164062 0.109375 0.0877404
75 0.202524 0.549279 0.0685096 0.0793269
75 0.231971 0.0709135 0.0793269 0.141827
75 0.234976 0.429688 0.046875 0.0564904
75 0.304087 0.640625 0.161058 0.117788
75 0.26863 0.274639 0.0612981 0.0588942
75 0.384615 0.0649038 0.269231 0.129808
75 0.415264 0.257812 0.272837 0.260817
75 0.335337 0.506611 0.09375 0.0997596
75 0.371394 0.733173 0.112981 0.0673077
75 0.412861 0.447716 0.109375 0.13101
75 0.447115 0.905048 0.0576923 0.137019
75 0.579327 0.147837 0.230769 0.204327
75 0.70012 0.225962 0.15024 0.168269
75 0.888822 0.781851 0.219952 0.217548
75 0.953726 0.49399 0.0901442 0.223558
