18 0.0240385 0.353365 0.0480769 0.134615
18 0.0276442 0.777644 0.0552885 0.28125
18 0.0510817 0.0907452 0.102163 0.16226
18 0.202524 0.453125 0.304087 0.435096
18 0.676082 0.516226 0.347356 0.445913
18 0.0240385 0.353365 0.0480769 0.134615
18 0.0276442 0.777644 0.0552885 0.28125
18 0.0510817 0.0907452 0.102163 0.16226
18 0.202524 0.453125 0.304087 0.435096
18 0.676082 0.516226 0.347356 0.445913
18 0.0240385 0.353365 0.0480769 0.134615
18 0.0276442 0.777644 0.0552885 0.28125
18 0.0510817 0.0907452 0.102163 0.16226
18 0.202524 0.453125 0.304087 0.435096
18 0.676082 0.516226 0.347356 0.445913
