35 0.27524 0.80649 0.204327 0.189904
35 0.293269 0.58113 0.201923 0.133413
35 0.321514 0.719952 0.0612981 0.0600962
35 0.333534 0.49399 0.0805288 0.0745192
35 0.367188 0.361779 0.0949519 0.108173
35 0.430889 0.742188 0.159856 0.147837
35 0.422476 0.91887 0.114183 0.0492788
35 0.400841 0.57512 0.0228365 0.121394
35 0.423077 0.576923 0.0384615 0.125
35 0.43149 0.363582 0.0408654 0.102163
35 0.524038 0.365385 0.149038 0.100962
35 0.495793 0.567909 0.078125 0.106971
35 0.552885 0.751803 0.144231 0.143029
35 0.554087 0.267428 0.112981 0.0829327
35 0.584135 0.565505 0.0913462 0.0877404
35 0.586538 0.515024 0.0721154 0.0492788
35 0.653846 0.734976 0.0721154 0.114183
35 0.719952 0.38101 0.0793269 0.0793269
35 0.727764 0.301082 0.0709135 0.078125
35 0.71875 0.539062 0.0480769 0.0685096
35 0.765024 0.379808 0.015625 0.0576923
