26 0.259615 0.955529 0.0721154 0.0841346
26 0.288462 0.884615 0.0817308 0.115385
26 0.324519 0.781851 0.0769231 0.126202
26 0.328726 0.948317 0.0709135 0.103365
26 0.358173 0.697716 0.0817308 0.111779
26 0.359375 0.882212 0.0793269 0.120192
26 0.388822 0.597957 0.0661058 0.109375
26 0.392428 0.789663 0.0733173 0.122596
26 0.40024 0.960337 0.0600962 0.0793269
26 0.417668 0.505409 0.0709135 0.111779
26 0.432091 0.689303 0.0805288 0.109375
26 0.432692 0.866587 0.0769231 0.117788
26 0.446514 0.411058 0.0949519 0.115385
26 0.459736 0.600962 0.0733173 0.115385
26 0.467548 0.96274 0.0649038 0.0745192
26 0.471755 0.784255 0.0685096 0.121394
26 0.481971 0.322716 0.0841346 0.121394
26 0.501202 0.500601 0.0649038 0.106971
26 0.501202 0.685697 0.0649038 0.121394
26 0.509615 0.882812 0.0769231 0.121394
26 0.516827 0.210938 0.0817308 0.11899
26 0.527043 0.400841 0.0877404 0.11899
26 0.534856 0.581731 0.0649038 0.0865385
26 0.542067 0.783053 0.0697115 0.109375
26 0.549279 0.964543 0.0649038 0.0685096
26 0.555288 0.11238 0.0721154 0.0997596
26 0.557091 0.29988 0.0709135 0.109375
26 0.54988 0.501202 0.0324519 0.0745192
26 0.574519 0.0336538 0.0769231 0.0673077
26 0.576923 0.682091 0.0769231 0.104567
26 0.58113 0.872596 0.0805288 0.105769
26 0.591947 0.208534 0.0733173 0.0949519
26 0.612981 0.101562 0.0769231 0.121394
26 0.618389 0.769832 0.0637019 0.121394
26 0.623798 0.951923 0.0697115 0.0961538
26 0.632212 0.283654 0.0721154 0.105769
26 0.649038 0.0240385 0.0865385 0.0480769
26 0.65625 0.688702 0.0769231 0.09375
26 0.658053 0.195913 0.0805288 0.0841346
26 0.659856 0.864183 0.0745192 0.132212
26 0.695312 0.0871394 0.078125 0.102163
26 0.700721 0.773438 0.0649038 0.104567
26 0.710938 0.287861 0.0709135 0.104567
26 0.734375 0.676082 0.0793269 0.0925481
26 0.731971 0.176082 0.0745192 0.121394
26 0.731971 0.0336538 0.0745192 0.0673077
26 0.783053 0.0985577 0.0757212 0.115385
26 0.789062 0.274038 0.0877404 0.115385
26 0.808293 0.467548 0.0492788 0.122596
26 0.799279 0.579928 0.0216346 0.0877404
26 0.833534 0.364784 0.0757212 0.104567
26 0.860577 0.0847356 0.0913462 0.121394
26 0.865385 0.272837 0.0721154 0.117788
26 0.91226 0.19351 0.0889423 0.117788
26 0.952524 0.0919471 0.0925481 0.121394
