25 0.566106 0.82512 0.151442 0.207933
25 0.603966 0.289062 0.183894 0.21274
25 0.671875 0.11899 0.0793269 0.09375
25 0.734375 0.628606 0.132212 0.175481
25 0.78726 0.823918 0.209135 0.210337
25 0.752404 0.197716 0.105769 0.121394
25 0.778846 0.0817308 0.0336538 0.0384615
25 0.816707 0.299279 0.0709135 0.161058
25 0.566106 0.82512 0.151442 0.207933
25 0.603966 0.289062 0.183894 0.21274
25 0.671875 0.11899 0.0793269 0.09375
25 0.734375 0.628606 0.132212 0.175481
25 0.78726 0.823918 0.209135 0.210337
25 0.752404 0.197716 0.105769 0.121394
25 0.778846 0.0817308 0.0336538 0.0384615
25 0.816707 0.299279 0.0709135 0.161058
