18 0.241587 0.718149 0.237981 0.22476
18 0.492788 0.167668 0.639423 0.292067
18 0.276442 0.4375 0.201923 0.1875
18 0.397837 0.573918 0.204327 0.215144
18 0.516827 0.424279 0.192308 0.175481
18 0.570312 0.706731 0.251202 0.230769
18 0.668269 0.58774 0.197115 0.204327
18 0.744591 0.444712 0.191106 0.173077
18 0.830529 0.724159 0.233173 0.198317
18 0.241587 0.718149 0.237981 0.22476
18 0.492788 0.167668 0.639423 0.292067
18 0.276442 0.4375 0.201923 0.1875
18 0.397837 0.573918 0.204327 0.215144
18 0.516827 0.424279 0.192308 0.175481
18 0.570312 0.706731 0.251202 0.230769
18 0.668269 0.58774 0.197115 0.204327
18 0.744591 0.444712 0.191106 0.173077
18 0.830529 0.724159 0.233173 0.198317
18 0.241587 0.718149 0.237981 0.22476
18 0.492788 0.167668 0.639423 0.292067
18 0.276442 0.4375 0.201923 0.1875
18 0.397837 0.573918 0.204327 0.215144
18 0.516827 0.424279 0.192308 0.175481
18 0.570312 0.706731 0.251202 0.230769
18 0.668269 0.58774 0.197115 0.204327
18 0.744591 0.444712 0.191106 0.173077
18 0.830529 0.724159 0.233173 0.198317
