21 0.161659 0.811899 0.0252404 0.0276442
21 0.213942 0.423077 0.120192 0.173077
21 0.164663 0.785457 0.0168269 0.0132212
21 0.170072 0.846755 0.0180288 0.0348558
21 0.316106 0.645433 0.305288 0.310096
21 0.218149 0.778245 0.0228365 0.0276442
21 0.301683 0.383413 0.137019 0.161058
21 0.489183 0.873197 0.0745192 0.135817
21 0.483173 0.774038 0.0192308 0.0240385
21 0.508413 0.788462 0.0216346 0.0240385
21 0.521034 0.764423 0.0132212 0.0240385
21 0.565505 0.785457 0.0925481 0.0709135
21 0.733774 0.633413 0.0973558 0.0745192
21 0.836538 0.765625 0.225962 0.175481
21 0.86238 0.374399 0.157452 0.104567
