26 0.105769 0.504808 0.211538 0.274038
26 0.103966 0.308894 0.19351 0.185096
26 0.240385 0.19351 0.153846 0.112981
26 0.320913 0.633413 0.276442 0.34375
26 0.280649 0.329928 0.18149 0.19351
26 0.337139 0.16887 0.0829327 0.0877404
26 0.330529 0.209736 0.0649038 0.102163
26 0.420673 0.211538 0.153846 0.163462
26 0.478365 0.392428 0.197115 0.241587
26 0.432692 0.103365 0.105769 0.0961538
26 0.645433 0.754207 0.295673 0.441106
26 0.588942 0.279447 0.173077 0.179087
26 0.576923 0.109375 0.129808 0.0985577
26 0.721755 0.499399 0.27524 0.330529
26 0.676082 0.215144 0.15024 0.175481
26 0.721755 0.138221 0.13101 0.141827
26 0.829928 0.343149 0.19351 0.215144
26 0.871995 0.237981 0.176683 0.173077
26 0.873798 0.137019 0.165865 0.0961538
