56 0.129808 0.259014 0.0913462 0.046875
56 0.20613 0.238582 0.171875 0.0685096
56 0.326923 0.22476 0.158654 0.0552885
56 0.350962 0.366587 0.139423 0.0793269
56 0.449519 0.326322 0.139423 0.0853365
56 0.47476 0.415264 0.165865 0.11899
56 0.454327 0.1875 0.0961538 0.0336538
56 0.515625 0.164062 0.112981 0.0348558
56 0.539663 0.301683 0.137019 0.0793269
56 0.546875 0.388221 0.112981 0.0841346
56 0.587139 0.197716 0.155048 0.0588942
56 0.654447 0.421875 0.15024 0.0889423
56 0.689904 0.360577 0.158654 0.0673077
56 0.73137 0.265024 0.15024 0.0685096
56 0.786058 0.228966 0.0913462 0.0637019
56 0.814904 0.296274 0.0673077 0.0300481
56 0.873798 0.263221 0.09375 0.0264423
