73 0.111779 0.898438 0.137019 0.167067
73 0.0204327 0.879207 0.0408654 0.167067
73 0.0276442 0.692308 0.0552885 0.173077
73 0.0396635 0.530048 0.0793269 0.151442
73 0.046274 0.382212 0.0925481 0.149038
73 0.0504808 0.246394 0.100962 0.117788
73 0.0588942 0.125 0.117788 0.125
73 0.147236 0.671274 0.169471 0.198317
73 0.155048 0.522236 0.141827 0.140625
73 0.163462 0.385817 0.129808 0.132212
73 0.17488 0.244591 0.128606 0.123798
73 0.183894 0.093149 0.117788 0.171875
73 0.28726 0.876803 0.151442 0.18149
73 0.292067 0.688702 0.137019 0.161058
73 0.29988 0.528245 0.128606 0.152644
73 0.305288 0.385817 0.134615 0.132212
73 0.307692 0.124399 0.120192 0.109375
73 0.305288 0.242788 0.115385 0.149038
73 0.445312 0.878606 0.155048 0.180288
73 0.432091 0.228966 0.123798 0.155048
73 0.433293 0.118389 0.121394 0.121394
73 0.433293 0.386418 0.121394 0.128606
73 0.447716 0.688702 0.140625 0.165865
73 0.448317 0.530649 0.137019 0.143029
73 0.552885 0.123798 0.115385 0.117788
73 0.566707 0.246995 0.128606 0.128606
73 0.576923 0.381611 0.120192 0.138221
73 0.581731 0.526442 0.129808 0.144231
73 0.589543 0.696514 0.140625 0.157452
73 0.610577 0.874399 0.163462 0.186298
73 0.6875 0.128606 0.115385 0.117788
73 0.695913 0.254808 0.132212 0.120192
73 0.70613 0.381611 0.128606 0.128606
73 0.721154 0.529447 0.134615 0.135817
73 0.743389 0.688702 0.155048 0.161058
73 0.766827 0.872596 0.149038 0.1875
73 0.807692 0.129207 0.129808 0.123798
73 0.817909 0.257812 0.121394 0.135817
73 0.865385 0.364183 0.1875 0.175481
73 0.874399 0.527043 0.138221 0.140625
73 0.904447 0.6875 0.155048 0.163462
73 0.920072 0.865385 0.143029 0.177885
73 0.929688 0.134615 0.138221 0.120192
73 0.945913 0.242788 0.108173 0.120192
73 0.954327 0.372596 0.0913462 0.158654
73 0.96875 0.520433 0.0625 0.146635
73 0.985577 0.692308 0.0288462 0.129808
