56 0.147837 0.519832 0.175481 0.438702
56 0.13101 0.386418 0.146635 0.0997596
56 0.151442 0.545673 0.182692 0.125
56 0.13762 0.460938 0.155048 0.104567
56 0.155048 0.635216 0.175481 0.116587
56 0.310096 0.182692 0.259615 0.163462
56 0.320312 0.271635 0.126202 0.134615
56 0.334736 0.330529 0.0973558 0.161058
56 0.348558 0.404447 0.105769 0.155048
56 0.385817 0.460938 0.103365 0.157452
56 0.412861 0.525841 0.157452 0.16226
56 0.442308 0.611779 0.177885 0.204327
56 0.578726 0.199519 0.123798 0.120192
56 0.618389 0.257212 0.13101 0.125
56 0.657452 0.326923 0.146635 0.125
56 0.700721 0.397837 0.170673 0.137019
56 0.766827 0.465144 0.177885 0.175481
56 0.826322 0.564904 0.186298 0.201923
