44 0.0889423 0.870192 0.0432692 0.0192308
44 0.11238 0.146034 0.0420673 0.0324519
44 0.124399 0.913462 0.0661058 0.0721154
44 0.189303 0.317308 0.0853365 0.0480769
44 0.185096 0.265625 0.0432692 0.0168269
44 0.204327 0.170673 0.0480769 0.0384615
44 0.220553 0.298077 0.0709135 0.0480769
44 0.24399 0.166466 0.0456731 0.0252404
44 0.248798 0.195913 0.0552885 0.0408654
44 0.284856 0.340745 0.0552885 0.0420673
44 0.289663 0.170072 0.0456731 0.0372596
44 0.310697 0.382212 0.0685096 0.0528846
44 0.325721 0.355168 0.0552885 0.0372596
44 0.319712 0.328125 0.0384615 0.0168269
44 0.340144 0.180288 0.0456731 0.0528846
44 0.607572 0.626803 0.441106 0.638221
44 0.417067 0.186899 0.0552885 0.0276442
44 0.423077 0.518029 0.0336538 0.0408654
44 0.820913 0.139423 0.0600962 0.0480769
44 0.845553 0.189303 0.0661058 0.046875
44 0.852163 0.465745 0.0697115 0.0420673
44 0.948918 0.476562 0.0661058 0.0300481
