18 0.471755 0.409856 0.669471 0.194712
18 0.492188 0.51262 0.710337 0.126202
18 0.524639 0.612981 0.645433 0.0961538
18 0.538462 0.670072 0.673077 0.11899
18 0.551082 0.772236 0.635817 0.0829327
18 0.603365 0.853365 0.504808 0.0961538
18 0.471755 0.409856 0.669471 0.194712
18 0.492188 0.51262 0.710337 0.126202
18 0.524639 0.612981 0.645433 0.0961538
18 0.538462 0.670072 0.673077 0.11899
18 0.551082 0.772236 0.635817 0.0829327
18 0.603365 0.853365 0.504808 0.0961538
18 0.471755 0.409856 0.669471 0.194712
18 0.492188 0.51262 0.710337 0.126202
18 0.524639 0.612981 0.645433 0.0961538
18 0.538462 0.670072 0.673077 0.11899
18 0.551082 0.772236 0.635817 0.0829327
18 0.603365 0.853365 0.504808 0.0961538
