18 0.159255 0.608173 0.246394 0.326923
18 0.296875 0.277043 0.247596 0.332933
18 0.480769 0.678486 0.283654 0.352163
18 0.622596 0.296274 0.245192 0.31851
18 0.836538 0.772837 0.254808 0.324519
18 0.897837 0.41226 0.204327 0.334135
18 0.159255 0.608173 0.246394 0.326923
18 0.296875 0.277043 0.247596 0.332933
18 0.480769 0.678486 0.283654 0.352163
18 0.622596 0.296274 0.245192 0.31851
18 0.836538 0.772837 0.254808 0.324519
18 0.897837 0.41226 0.204327 0.334135
18 0.159255 0.608173 0.246394 0.326923
18 0.296875 0.277043 0.247596 0.332933
18 0.480769 0.678486 0.283654 0.352163
18 0.622596 0.296274 0.245192 0.31851
18 0.836538 0.772837 0.254808 0.324519
18 0.897837 0.41226 0.204327 0.334135
