18 0.0276442 0.328726 0.0552885 0.171875
18 0.0835337 0.855769 0.0949519 0.120192
18 0.283053 0.32512 0.104567 0.174279
18 0.319712 0.872596 0.0961538 0.144231
18 0.548077 0.321514 0.100962 0.171875
18 0.557692 0.861779 0.0913462 0.151442
18 0.784255 0.856971 0.0925481 0.146635
18 0.817909 0.317308 0.106971 0.163462
18 0.980769 0.856971 0.0384615 0.141827
18 0.0276442 0.328726 0.0552885 0.171875
18 0.0835337 0.855769 0.0949519 0.120192
18 0.283053 0.32512 0.104567 0.174279
18 0.319712 0.872596 0.0961538 0.144231
18 0.548077 0.321514 0.100962 0.171875
18 0.557692 0.861779 0.0913462 0.151442
18 0.784255 0.856971 0.0925481 0.146635
18 0.817909 0.317308 0.106971 0.163462
18 0.980769 0.856971 0.0384615 0.141827
18 0.0276442 0.328726 0.0552885 0.171875
18 0.0835337 0.855769 0.0949519 0.120192
18 0.283053 0.32512 0.104567 0.174279
18 0.319712 0.872596 0.0961538 0.144231
18 0.548077 0.321514 0.100962 0.171875
18 0.557692 0.861779 0.0913462 0.151442
18 0.784255 0.856971 0.0925481 0.146635
18 0.817909 0.317308 0.106971 0.163462
18 0.980769 0.856971 0.0384615 0.141827
