18 0.046875 0.832332 0.09375 0.27524
18 0.0685096 0.287861 0.137019 0.277644
18 0.0721154 0.564904 0.144231 0.322115
18 0.0805288 0.0925481 0.161058 0.185096
18 0.234976 0.826923 0.258413 0.346154
18 0.248197 0.495793 0.241587 0.280048
18 0.271635 0.226562 0.216346 0.289663
18 0.271034 0.0492788 0.18149 0.0985577
18 0.483173 0.166466 0.211538 0.284856
18 0.507212 0.5 0.230769 0.322115
18 0.46875 0.0288462 0.139423 0.0576923
18 0.598558 0.823918 0.254808 0.330529
18 0.723558 0.171274 0.211538 0.270433
18 0.702524 0.0204327 0.106971 0.0408654
18 0.784255 0.430889 0.231971 0.294471
18 0.840144 0.771635 0.233173 0.326923
18 0.859375 0.959135 0.161058 0.0817308
18 0.926683 0.141226 0.146635 0.268029
18 0.951923 0.394832 0.0961538 0.251202
18 0.98137 0.651442 0.0348558 0.1875
18 0.046875 0.832332 0.09375 0.27524
18 0.0685096 0.287861 0.137019 0.277644
18 0.0721154 0.564904 0.144231 0.322115
18 0.0805288 0.0925481 0.161058 0.185096
18 0.234976 0.826923 0.258413 0.346154
18 0.248197 0.495793 0.241587 0.280048
18 0.271635 0.226562 0.216346 0.289663
18 0.271034 0.0492788 0.18149 0.0985577
18 0.483173 0.166466 0.211538 0.284856
18 0.507212 0.5 0.230769 0.322115
18 0.46875 0.0288462 0.139423 0.0576923
18 0.598558 0.823918 0.254808 0.330529
18 0.723558 0.171274 0.211538 0.270433
18 0.702524 0.0204327 0.106971 0.0408654
18 0.784255 0.430889 0.231971 0.294471
18 0.840144 0.771635 0.233173 0.326923
18 0.859375 0.959135 0.161058 0.0817308
18 0.926683 0.141226 0.146635 0.268029
18 0.951923 0.394832 0.0961538 0.251202
18 0.98137 0.651442 0.0348558 0.1875
18 0.046875 0.832332 0.09375 0.27524
18 0.0685096 0.287861 0.137019 0.277644
18 0.0721154 0.564904 0.144231 0.322115
18 0.0805288 0.0925481 0.161058 0.185096
18 0.234976 0.826923 0.258413 0.346154
18 0.248197 0.495793 0.241587 0.280048
18 0.271635 0.226562 0.216346 0.289663
18 0.271034 0.0492788 0.18149 0.0985577
18 0.483173 0.166466 0.211538 0.284856
18 0.507212 0.5 0.230769 0.322115
18 0.46875 0.0288462 0.139423 0.0576923
18 0.598558 0.823918 0.254808 0.330529
18 0.723558 0.171274 0.211538 0.270433
18 0.702524 0.0204327 0.106971 0.0408654
18 0.784255 0.430889 0.231971 0.294471
18 0.840144 0.771635 0.233173 0.326923
18 0.859375 0.959135 0.161058 0.0817308
18 0.926683 0.141226 0.146635 0.268029
18 0.951923 0.394832 0.0961538 0.251202
18 0.98137 0.651442 0.0348558 0.1875
