62 0.00841346 0.0288462 0.0168269 0.0192308
62 0.0673077 0.326923 0.134615 0.105769
62 0.0480769 0.0360577 0.0432692 0.0288462
62 0.0979567 0.171875 0.123798 0.0745192
62 0.143029 0.134615 0.0793269 0.0576923
62 0.374399 0.694712 0.292067 0.264423
62 0.298678 0.0685096 0.0588942 0.0408654
62 0.497596 0.061899 0.0384615 0.0180288
62 0.820913 0.153846 0.0793269 0.0576923
62 0.834135 0.111178 0.0432692 0.0252404
62 0.867788 0.155048 0.0384615 0.0408654
62 0.905048 0.094351 0.0408654 0.0204327
62 0.971154 0.260817 0.0528846 0.0456731
62 0.99399 0.11899 0.0120192 0.0360577
