14 0.379808 0.472957 0.153846 0.191106
14 0.0649038 0.380409 0.129808 0.251202
14 0.158654 0.753606 0.317308 0.487981
14 0.116587 0.015625 0.170673 0.03125
14 0.269832 0.261418 0.294471 0.34976
14 0.469351 0.805288 0.366587 0.389423
14 0.38101 0.0504808 0.185096 0.100962
14 0.557091 0.325721 0.282452 0.334135
14 0.624399 0.0715144 0.215144 0.143029
14 0.715745 0.549279 0.18149 0.276442
14 0.856971 0.810697 0.286058 0.376202
14 0.862981 0.0991587 0.197115 0.198317
14 0.88101 0.439904 0.228365 0.360577
