58 0.0288462 0.813702 0.0576923 0.0745192
58 0.115986 0.725962 0.231971 0.149038
58 0.121394 0.908053 0.242788 0.18149
58 0.182091 0.230769 0.292067 0.125
58 0.28125 0.832332 0.3125 0.174279
58 0.275841 0.137019 0.282452 0.144231
58 0.283654 0.96875 0.269231 0.0625
58 0.330529 0.332933 0.276442 0.122596
58 0.491587 0.928486 0.314904 0.140625
58 0.488582 0.244591 0.294471 0.143029
58 0.524639 0.0973558 0.27524 0.127404
58 0.61899 0.342548 0.286058 0.117788
58 0.757212 0.147236 0.278846 0.140625
58 0.804688 0.254808 0.296875 0.144231
