18 0.170673 0.902644 0.0528846 0.09375
18 0.198918 0.839543 0.0612981 0.0877404
18 0.246995 0.888822 0.0805288 0.0997596
18 0.273438 0.946514 0.0805288 0.0564904
18 0.284255 0.792668 0.0877404 0.0853365
18 0.286659 0.219351 0.0973558 0.126202
18 0.380409 0.916466 0.078125 0.0733173
18 0.388822 0.813702 0.0757212 0.108173
18 0.424279 0.865385 0.0600962 0.0769231
18 0.59375 0.753606 0.0288462 0.0793269
18 0.615986 0.826322 0.0444712 0.104567
18 0.633413 0.895433 0.0697115 0.0504808
18 0.730168 0.22476 0.0997596 0.127404
18 0.728966 0.928486 0.078125 0.0588942
18 0.749399 0.84375 0.0853365 0.0913462
18 0.784856 0.910457 0.0697115 0.0853365
18 0.854567 0.780048 0.0745192 0.0889423
18 0.875601 0.873798 0.0540865 0.0889423
18 0.170673 0.902644 0.0528846 0.09375
18 0.198918 0.839543 0.0612981 0.0877404
18 0.246995 0.888822 0.0805288 0.0997596
18 0.273438 0.946514 0.0805288 0.0564904
18 0.284255 0.792668 0.0877404 0.0853365
18 0.286659 0.219351 0.0973558 0.126202
18 0.380409 0.916466 0.078125 0.0733173
18 0.388822 0.813702 0.0757212 0.108173
18 0.424279 0.865385 0.0600962 0.0769231
18 0.59375 0.753606 0.0288462 0.0793269
18 0.615986 0.826322 0.0444712 0.104567
18 0.633413 0.895433 0.0697115 0.0504808
18 0.730168 0.22476 0.0997596 0.127404
18 0.728966 0.928486 0.078125 0.0588942
18 0.749399 0.84375 0.0853365 0.0913462
18 0.784856 0.910457 0.0697115 0.0853365
18 0.854567 0.780048 0.0745192 0.0889423
18 0.875601 0.873798 0.0540865 0.0889423
18 0.170673 0.902644 0.0528846 0.09375
18 0.198918 0.839543 0.0612981 0.0877404
18 0.246995 0.888822 0.0805288 0.0997596
18 0.273438 0.946514 0.0805288 0.0564904
18 0.284255 0.792668 0.0877404 0.0853365
18 0.286659 0.219351 0.0973558 0.126202
18 0.380409 0.916466 0.078125 0.0733173
18 0.388822 0.813702 0.0757212 0.108173
18 0.424279 0.865385 0.0600962 0.0769231
18 0.59375 0.753606 0.0288462 0.0793269
18 0.615986 0.826322 0.0444712 0.104567
18 0.633413 0.895433 0.0697115 0.0504808
18 0.730168 0.22476 0.0997596 0.127404
18 0.728966 0.928486 0.078125 0.0588942
18 0.749399 0.84375 0.0853365 0.0913462
18 0.784856 0.910457 0.0697115 0.0853365
18 0.854567 0.780048 0.0745192 0.0889423
18 0.875601 0.873798 0.0540865 0.0889423
