21 0.0697115 0.614183 0.139423 0.257212
21 0.154447 0.726562 0.0492788 0.0637019
21 0.265625 0.164663 0.103365 0.09375
21 0.233774 0.0727163 0.015625 0.015625
21 0.251803 0.0835337 0.0132212 0.0228365
21 0.364183 0.43149 0.0793269 0.165865
21 0.378606 0.131611 0.0120192 0.0132212
21 0.424279 0.375 0.0697115 0.153846
21 0.559495 0.41226 0.114183 0.15625
21 0.600361 0.189303 0.0709135 0.0949519
21 0.634014 0.534255 0.0324519 0.102163
21 0.701923 0.0378606 0.139423 0.0757212
21 0.722957 0.11899 0.0228365 0.0360577
21 0.746995 0.158654 0.0228365 0.0384615
21 0.746394 0.126803 0.0168269 0.0276442
21 0.769231 0.382812 0.0192308 0.015625
21 0.792067 0.383413 0.0216346 0.03125
21 0.918269 0.628005 0.163462 0.33774
21 0.893029 0.345553 0.0360577 0.0564904
