18 0.214543 0.441707 0.169471 0.24399
18 0.278245 0.680288 0.186298 0.240385
18 0.355769 0.286659 0.177885 0.231971
18 0.378005 0.498798 0.174279 0.21875
18 0.458534 0.772236 0.205529 0.270433
18 0.51863 0.175481 0.18149 0.235577
18 0.561298 0.502404 0.189904 0.302885
18 0.670072 0.307091 0.18149 0.239183
18 0.676683 0.720553 0.194712 0.239183
18 0.86238 0.507212 0.215144 0.278846
18 0.923077 0.102163 0.149038 0.204327
18 0.96274 0.293269 0.0745192 0.221154
18 0.214543 0.441707 0.169471 0.24399
18 0.278245 0.680288 0.186298 0.240385
18 0.355769 0.286659 0.177885 0.231971
18 0.378005 0.498798 0.174279 0.21875
18 0.458534 0.772236 0.205529 0.270433
18 0.51863 0.175481 0.18149 0.235577
18 0.561298 0.502404 0.189904 0.302885
18 0.670072 0.307091 0.18149 0.239183
18 0.676683 0.720553 0.194712 0.239183
18 0.86238 0.507212 0.215144 0.278846
18 0.923077 0.102163 0.149038 0.204327
18 0.96274 0.293269 0.0745192 0.221154
18 0.214543 0.441707 0.169471 0.24399
18 0.278245 0.680288 0.186298 0.240385
18 0.355769 0.286659 0.177885 0.231971
18 0.378005 0.498798 0.174279 0.21875
18 0.458534 0.772236 0.205529 0.270433
18 0.51863 0.175481 0.18149 0.235577
18 0.561298 0.502404 0.189904 0.302885
18 0.670072 0.307091 0.18149 0.239183
18 0.676683 0.720553 0.194712 0.239183
18 0.86238 0.507212 0.215144 0.278846
18 0.923077 0.102163 0.149038 0.204327
18 0.96274 0.293269 0.0745192 0.221154
