13 0.078726 0.407452 0.157452 0.213942
13 0.108173 0.617788 0.216346 0.326923
13 0.196514 0.230769 0.171875 0.230769
13 0.29387 0.799279 0.241587 0.314904
13 0.323918 0.377404 0.191106 0.245192
13 0.375601 0.129207 0.135817 0.195913
13 0.471154 0.548077 0.216346 0.288462
13 0.442909 0.233774 0.145433 0.21274
13 0.600361 0.795673 0.268029 0.370192
13 0.583534 0.107572 0.152644 0.195913
13 0.628005 0.394832 0.183894 0.270433
13 0.776442 0.191106 0.149038 0.228365
13 0.838341 0.334736 0.186298 0.227163
13 0.884014 0.70012 0.229567 0.342548
13 0.914062 0.493389 0.169471 0.217548
