18 0.248798 0.459135 0.161058 0.240385
18 0.351562 0.703726 0.159856 0.24399
18 0.368389 0.22476 0.159856 0.233173
18 0.450721 0.466947 0.15625 0.236779
18 0.567308 0.697716 0.163462 0.25601
18 0.564904 0.257212 0.158654 0.225962
18 0.679087 0.440505 0.165865 0.21274
18 0.777043 0.669471 0.159856 0.223558
18 0.789062 0.245192 0.155048 0.235577
18 0.248798 0.459135 0.161058 0.240385
18 0.351562 0.703726 0.159856 0.24399
18 0.368389 0.22476 0.159856 0.233173
18 0.450721 0.466947 0.15625 0.236779
18 0.567308 0.697716 0.163462 0.25601
18 0.564904 0.257212 0.158654 0.225962
18 0.679087 0.440505 0.165865 0.21274
18 0.777043 0.669471 0.159856 0.223558
18 0.789062 0.245192 0.155048 0.235577
18 0.248798 0.459135 0.161058 0.240385
18 0.351562 0.703726 0.159856 0.24399
18 0.368389 0.22476 0.159856 0.233173
18 0.450721 0.466947 0.15625 0.236779
18 0.567308 0.697716 0.163462 0.25601
18 0.564904 0.257212 0.158654 0.225962
18 0.679087 0.440505 0.165865 0.21274
18 0.777043 0.669471 0.159856 0.223558
18 0.789062 0.245192 0.155048 0.235577
