18 0.501803 0.864784 0.825721 0.0853365
18 0.202524 0.745192 0.198317 0.134615
18 0.326322 0.592548 0.354567 0.0841346
18 0.335938 0.491587 0.316106 0.0697115
18 0.414663 0.734976 0.15625 0.138221
18 0.709736 0.721154 0.366587 0.0961538
18 0.703726 0.545673 0.34976 0.120192
18 0.501803 0.864784 0.825721 0.0853365
18 0.202524 0.745192 0.198317 0.134615
18 0.326322 0.592548 0.354567 0.0841346
18 0.335938 0.491587 0.316106 0.0697115
18 0.414663 0.734976 0.15625 0.138221
18 0.709736 0.721154 0.366587 0.0961538
18 0.703726 0.545673 0.34976 0.120192
18 0.501803 0.864784 0.825721 0.0853365
18 0.202524 0.745192 0.198317 0.134615
18 0.326322 0.592548 0.354567 0.0841346
18 0.335938 0.491587 0.316106 0.0697115
18 0.414663 0.734976 0.15625 0.138221
18 0.709736 0.721154 0.366587 0.0961538
18 0.703726 0.545673 0.34976 0.120192
