25 0.169471 0.691106 0.329327 0.564904
25 0.500601 0.502404 0.991587 0.980769
25 0.213341 0.284856 0.311298 0.492788
25 0.484375 0.61899 0.338942 0.757212
25 0.501202 0.25601 0.295673 0.492788
25 0.798077 0.299279 0.3125 0.497596
25 0.834736 0.704327 0.328125 0.567308
25 0.169471 0.691106 0.329327 0.564904
25 0.500601 0.502404 0.991587 0.980769
25 0.213341 0.284856 0.311298 0.492788
25 0.484375 0.61899 0.338942 0.757212
25 0.501202 0.25601 0.295673 0.492788
25 0.798077 0.299279 0.3125 0.497596
25 0.834736 0.704327 0.328125 0.567308
