18 0.113582 0.80649 0.207933 0.286058
18 0.13762 0.478966 0.203125 0.385817
18 0.16887 0.222356 0.183894 0.372596
18 0.357572 0.790865 0.210337 0.3125
18 0.366587 0.492788 0.199519 0.399038
18 0.383413 0.241587 0.180288 0.367788
18 0.61899 0.504207 0.194712 0.402644
18 0.628606 0.246394 0.185096 0.372596
18 0.628606 0.816106 0.175481 0.257212
18 0.839543 0.216346 0.19351 0.370192
18 0.851562 0.488582 0.198317 0.385817
18 0.859976 0.882212 0.215144 0.158654
18 0.113582 0.80649 0.207933 0.286058
18 0.13762 0.478966 0.203125 0.385817
18 0.16887 0.222356 0.183894 0.372596
18 0.357572 0.790865 0.210337 0.3125
18 0.366587 0.492788 0.199519 0.399038
18 0.383413 0.241587 0.180288 0.367788
18 0.61899 0.504207 0.194712 0.402644
18 0.628606 0.246394 0.185096 0.372596
18 0.628606 0.816106 0.175481 0.257212
18 0.839543 0.216346 0.19351 0.370192
18 0.851562 0.488582 0.198317 0.385817
18 0.859976 0.882212 0.215144 0.158654
18 0.113582 0.80649 0.207933 0.286058
18 0.13762 0.478966 0.203125 0.385817
18 0.16887 0.222356 0.183894 0.372596
18 0.357572 0.790865 0.210337 0.3125
18 0.366587 0.492788 0.199519 0.399038
18 0.383413 0.241587 0.180288 0.367788
18 0.61899 0.504207 0.194712 0.402644
18 0.628606 0.246394 0.185096 0.372596
18 0.628606 0.816106 0.175481 0.257212
18 0.839543 0.216346 0.19351 0.370192
18 0.851562 0.488582 0.198317 0.385817
18 0.859976 0.882212 0.215144 0.158654
