27 0.129808 0.73738 0.259615 0.344952
27 0.153846 0.420072 0.307692 0.311298
27 0.239183 0.928486 0.415865 0.140625
27 0.18149 0.13762 0.290865 0.260817
27 0.43149 0.745192 0.338942 0.365385
27 0.46875 0.423077 0.293269 0.298077
27 0.483173 0.138221 0.293269 0.276442
27 0.775841 0.77524 0.359375 0.334135
27 0.793269 0.450721 0.355769 0.338942
27 0.784255 0.146635 0.323317 0.293269
27 0.973558 0.739784 0.0528846 0.239183
27 0.977764 0.166466 0.0420673 0.21274
27 0.984375 0.445312 0.03125 0.198317
