18 0.214543 0.682091 0.13101 0.239183
18 0.24399 0.385216 0.112981 0.179087
18 0.269231 0.213341 0.0913462 0.152644
18 0.405649 0.620793 0.128606 0.227163
18 0.430288 0.224159 0.0865385 0.164663
18 0.436899 0.405048 0.0997596 0.185096
18 0.578125 0.664663 0.137019 0.209135
18 0.557692 0.210938 0.0913462 0.128606
18 0.609375 0.385216 0.108173 0.179087
18 0.691106 0.203125 0.0889423 0.132212
18 0.73137 0.370793 0.0973558 0.179087
18 0.798678 0.66887 0.111779 0.236779
18 0.214543 0.682091 0.13101 0.239183
18 0.24399 0.385216 0.112981 0.179087
18 0.269231 0.213341 0.0913462 0.152644
18 0.405649 0.620793 0.128606 0.227163
18 0.430288 0.224159 0.0865385 0.164663
18 0.436899 0.405048 0.0997596 0.185096
18 0.578125 0.664663 0.137019 0.209135
18 0.557692 0.210938 0.0913462 0.128606
18 0.609375 0.385216 0.108173 0.179087
18 0.691106 0.203125 0.0889423 0.132212
18 0.73137 0.370793 0.0973558 0.179087
18 0.798678 0.66887 0.111779 0.236779
18 0.214543 0.682091 0.13101 0.239183
18 0.24399 0.385216 0.112981 0.179087
18 0.269231 0.213341 0.0913462 0.152644
18 0.405649 0.620793 0.128606 0.227163
18 0.430288 0.224159 0.0865385 0.164663
18 0.436899 0.405048 0.0997596 0.185096
18 0.578125 0.664663 0.137019 0.209135
18 0.557692 0.210938 0.0913462 0.128606
18 0.609375 0.385216 0.108173 0.179087
18 0.691106 0.203125 0.0889423 0.132212
18 0.73137 0.370793 0.0973558 0.179087
18 0.798678 0.66887 0.111779 0.236779
