31 0.707933 0.216346 0.108173 0.115385
31 0.177885 0.477764 0.134615 0.0709135
31 0.169471 0.539663 0.112981 0.0697115
31 0.179688 0.41226 0.133413 0.0745192
31 0.188101 0.347356 0.106971 0.0793269
31 0.188101 0.588341 0.106971 0.0661058
31 0.216947 0.649639 0.121394 0.106971
31 0.223558 0.295072 0.100962 0.0901442
31 0.252404 0.254808 0.0913462 0.0865385
31 0.256611 0.710337 0.0901442 0.117788
31 0.290865 0.485577 0.0961538 0.0576923
31 0.295072 0.559495 0.0997596 0.0661058
31 0.296274 0.420673 0.0973558 0.0625
31 0.296875 0.213942 0.0793269 0.100962
31 0.308293 0.756611 0.0877404 0.123798
31 0.310697 0.363582 0.0925481 0.078125
31 0.335938 0.623798 0.0949519 0.0841346
31 0.341947 0.313702 0.078125 0.09375
31 0.353365 0.180288 0.0913462 0.110577
31 0.369591 0.783654 0.0661058 0.125
31 0.382212 0.650841 0.0913462 0.104567
31 0.386418 0.506611 0.0853365 0.0661058
31 0.389423 0.445913 0.0865385 0.0600962
31 0.390625 0.289062 0.0600962 0.102163
31 0.408053 0.393029 0.0853365 0.0793269
31 0.416466 0.555288 0.078125 0.0865385
31 0.412861 0.162861 0.0661058 0.104567
31 0.435697 0.816707 0.0925481 0.11899
31 0.451322 0.695913 0.0661058 0.117788
31 0.45012 0.272236 0.0540865 0.0973558
31 0.453125 0.36238 0.0600962 0.0901442
31 0.475361 0.578726 0.0612981 0.104567
31 0.484976 0.460337 0.0709135 0.0793269
31 0.489183 0.159856 0.0793269 0.122596
31 0.51262 0.821514 0.0685096 0.128606
31 0.515024 0.272236 0.0733173 0.0973558
31 0.525841 0.686298 0.0805288 0.132212
31 0.522837 0.36238 0.0649038 0.0901442
31 0.537861 0.567308 0.0709135 0.0865385
31 0.564303 0.395433 0.0853365 0.0697115
31 0.576322 0.524038 0.0997596 0.0721154
31 0.569111 0.159255 0.0709135 0.111779
31 0.573317 0.811298 0.0697115 0.132212
31 0.590745 0.461538 0.104567 0.0625
31 0.58113 0.28125 0.0805288 0.0913462
31 0.588341 0.671875 0.0805288 0.108173
31 0.618389 0.3125 0.102163 0.0769231
31 0.620793 0.628005 0.106971 0.0829327
31 0.63101 0.173678 0.09375 0.0973558
31 0.630409 0.792067 0.0829327 0.122596
31 0.658053 0.352764 0.0997596 0.0757212
31 0.661659 0.578125 0.102163 0.0793269
31 0.683894 0.746995 0.108173 0.104567
31 0.691106 0.452524 0.112981 0.0588942
31 0.6875 0.395433 0.0961538 0.0600962
31 0.692909 0.524639 0.106971 0.0685096
31 0.729567 0.688702 0.103365 0.0889423
31 0.739784 0.267428 0.104567 0.0637019
31 0.773438 0.649038 0.109375 0.0913462
31 0.771034 0.316106 0.0949519 0.0841346
31 0.797476 0.379808 0.109375 0.0721154
31 0.807091 0.573317 0.11899 0.0889423
31 0.808293 0.444712 0.116587 0.0625
31 0.823317 0.520433 0.122596 0.0552885
