56 0.38762 0.642428 0.207933 0.222356
56 0.0949519 0.594952 0.189904 0.137019
56 0.57512 0.349159 0.294471 0.198317
56 0.873798 0.423077 0.0360577 0.0384615
56 0.878005 0.345553 0.0444712 0.0228365
56 0.880409 0.379207 0.0396635 0.0420673
56 0.884615 0.483173 0.0432692 0.0480769
56 0.902644 0.448317 0.0504808 0.0360577
56 0.910457 0.319712 0.0372596 0.0288462
56 0.91887 0.424279 0.0444712 0.0408654
56 0.921875 0.379207 0.0360577 0.046875
56 0.930889 0.504207 0.0492788 0.0516827
56 0.930288 0.294471 0.0384615 0.0360577
56 0.945312 0.451322 0.0492788 0.0420673
56 0.95613 0.36899 0.0324519 0.0456731
56 0.961538 0.407452 0.0336538 0.03125
56 0.96274 0.340144 0.0264423 0.0264423
56 0.968149 0.480769 0.0324519 0.0240385
56 0.978365 0.518029 0.0432692 0.0552885
56 0.986779 0.45613 0.0216346 0.046875
56 0.986779 0.419471 0.0216346 0.0456731
56 0.98738 0.365986 0.0228365 0.015625
56 0.991587 0.389423 0.0168269 0.0288462
