18 0.0817308 0.514423 0.163462 0.125
18 0.163462 0.420673 0.326923 0.105769
18 0.28726 0.661058 0.483173 0.149038
18 0.311298 0.345553 0.362981 0.0949519
18 0.477764 0.534856 0.421875 0.117788
18 0.613582 0.439303 0.405048 0.104567
18 0.769231 0.366587 0.389423 0.108173
18 0.802284 0.689904 0.393029 0.129808
18 0.896034 0.564904 0.205529 0.129808
18 0.961538 0.463341 0.0769231 0.0709135
18 0.0817308 0.514423 0.163462 0.125
18 0.163462 0.420673 0.326923 0.105769
18 0.28726 0.661058 0.483173 0.149038
18 0.311298 0.345553 0.362981 0.0949519
18 0.477764 0.534856 0.421875 0.117788
18 0.613582 0.439303 0.405048 0.104567
18 0.769231 0.366587 0.389423 0.108173
18 0.802284 0.689904 0.393029 0.129808
18 0.896034 0.564904 0.205529 0.129808
18 0.961538 0.463341 0.0769231 0.0709135
18 0.0817308 0.514423 0.163462 0.125
18 0.163462 0.420673 0.326923 0.105769
18 0.28726 0.661058 0.483173 0.149038
18 0.311298 0.345553 0.362981 0.0949519
18 0.477764 0.534856 0.421875 0.117788
18 0.613582 0.439303 0.405048 0.104567
18 0.769231 0.366587 0.389423 0.108173
18 0.802284 0.689904 0.393029 0.129808
18 0.896034 0.564904 0.205529 0.129808
18 0.961538 0.463341 0.0769231 0.0709135
