18 0.370192 0.764423 0.254808 0.230769
18 0.374399 0.582332 0.248798 0.21274
18 0.580529 0.194111 0.40625 0.330529
18 0.588942 0.557692 0.264423 0.264423
18 0.59976 0.785457 0.262019 0.253606
18 0.370192 0.764423 0.254808 0.230769
18 0.374399 0.582332 0.248798 0.21274
18 0.580529 0.194111 0.40625 0.330529
18 0.588942 0.557692 0.264423 0.264423
18 0.59976 0.785457 0.262019 0.253606
18 0.370192 0.764423 0.254808 0.230769
18 0.374399 0.582332 0.248798 0.21274
18 0.580529 0.194111 0.40625 0.330529
18 0.588942 0.557692 0.264423 0.264423
18 0.59976 0.785457 0.262019 0.253606
