79 0.498798 0.498798 0.997596 0.997596
79 0.0402644 0.302284 0.0805288 0.16226
79 0.0955529 0.542668 0.191106 0.272837
79 0.0300481 0.408654 0.0552885 0.134615
79 0.16226 0.796274 0.319712 0.40024
79 0.189303 0.138221 0.320913 0.266827
79 0.34375 0.369591 0.350962 0.325721
79 0.384615 0.791466 0.288462 0.414663
79 0.387019 0.576923 0.293269 0.240385
79 0.370793 0.0558894 0.164663 0.111779
79 0.378606 0.176082 0.108173 0.13101
79 0.453125 0.868389 0.165865 0.260817
79 0.504808 0.0709135 0.230769 0.141827
79 0.590745 0.432692 0.354567 0.307692
79 0.59375 0.208534 0.225962 0.215144
79 0.741587 0.795673 0.516827 0.408654
79 0.690505 0.0709135 0.21274 0.141827
79 0.815505 0.347356 0.347356 0.310096
79 0.811298 0.212139 0.310096 0.21274
79 0.855168 0.11899 0.219952 0.137019
