21 0.200721 0.420673 0.0168269 0.0144231
21 0.203125 0.436899 0.0120192 0.0228365
21 0.221755 0.428486 0.015625 0.0204327
21 0.285457 0.605168 0.0132212 0.0180288
21 0.297476 0.589543 0.00841346 0.015625
21 0.311298 0.59375 0.0120192 0.0192308
21 0.523438 0.379808 0.0324519 0.0673077
21 0.632212 0.438101 0.149038 0.222356
21 0.717548 0.683293 0.0120192 0.0204327
21 0.739784 0.626803 0.00841346 0.0180288
21 0.751202 0.660457 0.0168269 0.0180288
21 0.759014 0.750601 0.0132212 0.0204327
21 0.771635 0.723558 0.0192308 0.0240385
