32 0.229567 0.769231 0.310096 0.384615
32 0.517428 0.102163 0.299279 0.199519
32 0.564904 0.440505 0.3125 0.419471
32 0.759615 0.655048 0.0721154 0.108173
32 0.786659 0.704327 0.0973558 0.139423
32 0.786058 0.919471 0.0673077 0.0697115
32 0.802284 0.82512 0.0901442 0.126202
32 0.826322 0.597356 0.0949519 0.146635
32 0.863582 0.762019 0.0973558 0.192308
32 0.864183 0.894832 0.0600962 0.0829327
32 0.882212 0.646034 0.0913462 0.138221
32 0.91887 0.835337 0.078125 0.137019
32 0.921274 0.577524 0.078125 0.111779
32 0.923077 0.692308 0.0528846 0.144231
32 0.952524 0.527043 0.0204327 0.0829327
