31 0.0492788 0.772837 0.0985577 0.137019
31 0.0727163 0.596154 0.0973558 0.0769231
31 0.153846 0.773438 0.115385 0.133413
31 0.167668 0.61238 0.0949519 0.109375
31 0.260216 0.792668 0.0973558 0.123798
31 0.254808 0.606971 0.0817308 0.0889423
31 0.330529 0.80649 0.0985577 0.0985577
31 0.335938 0.608173 0.0901442 0.0721154
31 0.359375 0.746394 0.0841346 0.0745192
31 0.425481 0.819712 0.100962 0.0817308
31 0.422476 0.596154 0.0901442 0.105769
31 0.413462 0.469351 0.0480769 0.0685096
31 0.440505 0.740986 0.0877404 0.078125
31 0.430288 0.351562 0.0528846 0.0925481
31 0.469351 0.484375 0.078125 0.0745192
31 0.498197 0.365986 0.0685096 0.0925481
31 0.515024 0.591346 0.0829327 0.0865385
31 0.519832 0.817308 0.0877404 0.0817308
31 0.534255 0.740986 0.078125 0.0829327
31 0.540865 0.482572 0.0673077 0.0661058
31 0.577524 0.373798 0.078125 0.0889423
31 0.596755 0.593149 0.078125 0.0901442
31 0.620192 0.811298 0.105769 0.108173
31 0.612981 0.505409 0.0673077 0.0637019
31 0.615385 0.46274 0.0673077 0.0504808
31 0.633413 0.740986 0.0889423 0.0925481
31 0.653846 0.365986 0.0576923 0.0733173
31 0.686298 0.591346 0.09375 0.100962
31 0.675481 0.495793 0.0576923 0.0637019
31 0.716346 0.810096 0.0865385 0.110577
31 0.715144 0.368389 0.0697115 0.0588942
31 0.748798 0.5 0.0793269 0.0865385
31 0.772236 0.612981 0.0829327 0.105769
31 0.786659 0.372596 0.0588942 0.0769231
31 0.796274 0.746995 0.078125 0.0853365
31 0.804688 0.826923 0.0949519 0.105769
31 0.825721 0.479567 0.0793269 0.0841346
31 0.847356 0.601562 0.0889423 0.0925481
31 0.864784 0.396635 0.0853365 0.105769
31 0.873798 0.745192 0.0793269 0.0625
31 0.894832 0.819111 0.078125 0.109375
31 0.890024 0.485577 0.0588942 0.0576923
31 0.91887 0.60637 0.0829327 0.0877404
31 0.960337 0.834736 0.0745192 0.0829327
31 0.962139 0.767428 0.0733173 0.0637019
