60 0.231971 0.404447 0.0793269 0.0348558
60 0.336538 0.487981 0.0673077 0.0336538
60 0.397236 0.29988 0.0637019 0.0324519
60 0.432091 0.721755 0.0661058 0.0252404
60 0.475962 0.706731 0.0673077 0.0336538
60 0.48137 0.144832 0.0685096 0.0396635
60 0.501803 0.189303 0.0612981 0.0324519
60 0.54988 0.402043 0.0564904 0.0396635
60 0.569712 0.377404 0.0625 0.0240385
60 0.675481 0.653245 0.139423 0.0612981
60 0.640024 0.371394 0.0637019 0.0408654
60 0.642428 0.334135 0.0588942 0.0336538
60 0.649038 0.48137 0.0528846 0.0444712
60 0.649639 0.739784 0.0540865 0.0420673
60 0.727163 0.371995 0.0697115 0.0276442
60 0.739784 0.282452 0.0853365 0.03125
60 0.734375 0.748798 0.0456731 0.0264423
60 0.748798 0.454928 0.0745192 0.0348558
60 0.767428 0.233173 0.0540865 0.0288462
60 0.771034 0.185697 0.0516827 0.0252404
60 0.823317 0.405649 0.0408654 0.0420673
60 0.846154 0.373798 0.0480769 0.0360577
60 0.849159 0.592548 0.0444712 0.0264423
60 0.869591 0.429087 0.0564904 0.03125
60 0.871995 0.625 0.0516827 0.0480769
60 0.887019 0.795673 0.0480769 0.0240385
60 0.920673 0.420673 0.0432692 0.0288462
60 0.926082 0.534255 0.0444712 0.0348558
60 0.952524 0.55649 0.0444712 0.03125
60 0.972356 0.366587 0.0552885 0.0456731
60 0.990385 0.561899 0.0192308 0.0516827
