73 0.498798 0.498798 0.997596 0.997596
73 0.0492788 0.130409 0.0985577 0.126202
73 0.0637019 0.528245 0.127404 0.219952
73 0.09375 0.320913 0.1875 0.247596
73 0.145433 0.721154 0.290865 0.355769
73 0.120192 0.182091 0.168269 0.147837
73 0.201322 0.436899 0.258413 0.253606
73 0.176082 0.0865385 0.15024 0.125
73 0.322716 0.856971 0.424279 0.286058
73 0.215144 0.234976 0.161058 0.186298
73 0.265024 0.120793 0.159856 0.15024
73 0.355168 0.538462 0.28726 0.3125
73 0.361779 0.305288 0.204327 0.221154
73 0.376803 0.166466 0.157452 0.155048
73 0.381611 0.0534856 0.133413 0.106971
73 0.561298 0.679688 0.338942 0.335337
73 0.518029 0.385817 0.237981 0.257212
73 0.480168 0.09375 0.152644 0.134615
73 0.483173 0.0216346 0.125 0.0432692
73 0.511418 0.23137 0.171875 0.174279
73 0.569111 0.0504808 0.143029 0.100962
73 0.596755 0.133413 0.179087 0.141827
73 0.671274 0.286659 0.222356 0.227163
73 0.717548 0.495192 0.262019 0.298077
73 0.676683 0.0769231 0.165865 0.144231
73 0.748798 0.182091 0.146635 0.128606
73 0.759615 0.0414663 0.168269 0.0829327
73 0.848558 0.81851 0.298077 0.358173
73 0.855168 0.358774 0.253606 0.227163
73 0.83113 0.124399 0.18149 0.143029
73 0.892428 0.0594952 0.140625 0.11899
73 0.914663 0.239183 0.170673 0.151442
73 0.919471 0.585337 0.15625 0.329327
73 0.960337 0.144231 0.0745192 0.0961538
73 0.977163 0.370192 0.0408654 0.110577
