25 0.0384615 0.735577 0.0769231 0.149038
25 0.0366587 0.624399 0.0588942 0.0901442
25 0.0799279 0.378005 0.0685096 0.13101
25 0.280048 0.588942 0.435096 0.509615
25 0.233774 0.26262 0.106971 0.198317
25 0.520433 0.767428 0.319712 0.347356
25 0.573317 0.434495 0.0985577 0.186298
25 0.602764 0.206731 0.157452 0.216346
25 0.725962 0.776442 0.278846 0.298077
25 0.704928 0.455529 0.217548 0.295673
25 0.748798 0.135817 0.194712 0.271635
25 0.759014 0.584135 0.138221 0.0913462
25 0.805288 0.0612981 0.100962 0.122596
25 0.90625 0.375601 0.1875 0.299279
25 0.934495 0.709135 0.128606 0.254808
25 0.0384615 0.735577 0.0769231 0.149038
25 0.0366587 0.624399 0.0588942 0.0901442
25 0.0799279 0.378005 0.0685096 0.13101
25 0.280048 0.588942 0.435096 0.509615
25 0.233774 0.26262 0.106971 0.198317
25 0.520433 0.767428 0.319712 0.347356
25 0.573317 0.434495 0.0985577 0.186298
25 0.602764 0.206731 0.157452 0.216346
25 0.725962 0.776442 0.278846 0.298077
25 0.704928 0.455529 0.217548 0.295673
25 0.748798 0.135817 0.194712 0.271635
25 0.759014 0.584135 0.138221 0.0913462
25 0.805288 0.0612981 0.100962 0.122596
25 0.90625 0.375601 0.1875 0.299279
25 0.934495 0.709135 0.128606 0.254808
