25 0.134014 0.333534 0.143029 0.205529
25 0.170673 0.511418 0.168269 0.292067
25 0.169471 0.886418 0.161058 0.22476
25 0.297476 0.321514 0.133413 0.248798
25 0.305288 0.913462 0.134615 0.173077
25 0.408053 0.398438 0.167067 0.268029
25 0.430288 0.173077 0.120192 0.173077
25 0.492188 0.302284 0.143029 0.239183
25 0.565505 0.963341 0.121394 0.0709135
25 0.586538 0.182692 0.115385 0.216346
25 0.632212 0.585938 0.182692 0.320913
25 0.64363 0.91226 0.147837 0.175481
25 0.66887 0.244591 0.116587 0.210337
25 0.747596 0.821514 0.144231 0.128606
25 0.763822 0.31851 0.171875 0.257212
25 0.786058 0.897837 0.158654 0.204327
25 0.134014 0.333534 0.143029 0.205529
25 0.170673 0.511418 0.168269 0.292067
25 0.169471 0.886418 0.161058 0.22476
25 0.297476 0.321514 0.133413 0.248798
25 0.305288 0.913462 0.134615 0.173077
25 0.408053 0.398438 0.167067 0.268029
25 0.430288 0.173077 0.120192 0.173077
25 0.492188 0.302284 0.143029 0.239183
25 0.565505 0.963341 0.121394 0.0709135
25 0.586538 0.182692 0.115385 0.216346
25 0.632212 0.585938 0.182692 0.320913
25 0.64363 0.91226 0.147837 0.175481
25 0.66887 0.244591 0.116587 0.210337
25 0.747596 0.821514 0.144231 0.128606
25 0.763822 0.31851 0.171875 0.257212
25 0.786058 0.897837 0.158654 0.204327
