14 0.833534 0.572716 0.205529 0.203125
14 0.171875 0.103966 0.137019 0.102163
14 0.232572 0.432091 0.195913 0.133413
14 0.246394 0.253005 0.165865 0.135817
14 0.269832 0.548077 0.0877404 0.0528846
14 0.363582 0.703125 0.227163 0.180288
14 0.348558 0.0847356 0.110577 0.102163
14 0.463942 0.398438 0.192308 0.152644
14 0.447115 0.212139 0.139423 0.111779
14 0.524639 0.094351 0.0733173 0.0733173
14 0.615385 0.893029 0.245192 0.213942
14 0.625601 0.608173 0.198317 0.173077
14 0.610577 0.222356 0.144231 0.132212
14 0.667067 0.339543 0.161058 0.126202
14 0.898438 0.797476 0.200721 0.239183
