40 0.0264423 0.632212 0.0528846 0.0961538
40 0.0384615 0.724159 0.0769231 0.102163
40 0.0420673 0.814904 0.0841346 0.134615
40 0.0420673 0.935697 0.0841346 0.126202
40 0.0504808 0.0961538 0.0913462 0.0721154
40 0.251202 0.792067 0.286058 0.353365
40 0.189904 0.304087 0.105769 0.122596
40 0.28726 0.0853365 0.209135 0.0745192
40 0.259615 0.521635 0.134615 0.0817308
40 0.286659 0.589543 0.121394 0.15024
40 0.301082 0.281851 0.121394 0.13101
40 0.42488 0.510817 0.191106 0.165865
40 0.408053 0.269231 0.128606 0.115385
40 0.446514 0.592548 0.200721 0.199519
40 0.487981 0.701322 0.206731 0.296875
40 0.641827 0.632212 0.168269 0.221154
