1 0.145433 0.885216 0.262019 0.179087
1 0.118389 0.688101 0.0492788 0.0300481
1 0.180889 0.778245 0.0492788 0.0180288
1 0.375601 0.860577 0.0588942 0.0384615
1 0.405048 0.816106 0.0649038 0.0408654
1 0.427885 0.322716 0.0576923 0.0396635
1 0.432091 0.917668 0.0516827 0.0276442
1 0.423678 0.523438 0.0204327 0.0228365
1 0.503005 0.27524 0.0637019 0.0408654
1 0.492188 0.667668 0.0324519 0.0324519
1 0.495192 0.48137 0.0384615 0.0252404
1 0.514423 0.33774 0.0769231 0.0408654
1 0.511418 0.741587 0.046875 0.0408654
1 0.534856 0.48738 0.0456731 0.0324519
1 0.582332 0.878005 0.135817 0.203125
1 0.560697 0.670072 0.0588942 0.0372596
1 0.601562 0.388822 0.0637019 0.0324519
1 0.66887 0.0961538 0.164663 0.192308
1 0.665865 0.697716 0.0625 0.0300481
1 0.725962 0.459135 0.0817308 0.0528846
1 0.727764 0.715745 0.0564904 0.0372596
1 0.740986 0.322716 0.0637019 0.0300481
1 0.763221 0.36238 0.0793269 0.0516827
1 0.771635 0.653245 0.0528846 0.0276442
1 0.771034 0.628005 0.0516827 0.0204327
1 0.786659 0.406851 0.0637019 0.0348558
1 0.808894 0.379207 0.0504808 0.0276442
1 0.873798 0.698918 0.0697115 0.0276442
