18 0.156851 0.310096 0.308894 0.418269
18 0.35637 0.589543 0.40024 0.597356
18 0.522236 0.269832 0.251202 0.390625
18 0.782452 0.540264 0.353365 0.479567
18 0.810697 0.260817 0.280048 0.28125
18 0.156851 0.310096 0.308894 0.418269
18 0.35637 0.589543 0.40024 0.597356
18 0.522236 0.269832 0.251202 0.390625
18 0.782452 0.540264 0.353365 0.479567
18 0.810697 0.260817 0.280048 0.28125
18 0.156851 0.310096 0.308894 0.418269
18 0.35637 0.589543 0.40024 0.597356
18 0.522236 0.269832 0.251202 0.390625
18 0.782452 0.540264 0.353365 0.479567
18 0.810697 0.260817 0.280048 0.28125
