60 0.105168 0.781851 0.171875 0.155048
60 0.20613 0.11899 0.152644 0.0985577
60 0.331731 0.239183 0.168269 0.146635
60 0.335337 0.750601 0.141827 0.159856
60 0.363582 0.386418 0.135817 0.0997596
60 0.457933 0.234976 0.0985577 0.114183
60 0.624399 0.391226 0.258413 0.176683
60 0.554087 0.598558 0.103365 0.0769231
60 0.671875 0.654447 0.204327 0.145433
60 0.651442 0.776442 0.115385 0.115385
60 0.84976 0.636418 0.204327 0.138221
60 0.838341 0.530048 0.123798 0.0793269
60 0.972957 0.502404 0.0516827 0.105769
