76 0.13762 0.832332 0.0685096 0.135817
76 0.292668 0.658053 0.0901442 0.0997596
76 0.374399 0.90625 0.147837 0.182692
76 0.41226 0.569712 0.0697115 0.0769231
76 0.446514 0.519832 0.0564904 0.0637019
76 0.47476 0.745793 0.0985577 0.135817
76 0.527043 0.460938 0.0492788 0.0516827
76 0.539663 0.662861 0.0649038 0.0853365
76 0.571514 0.590745 0.0709135 0.0709135
76 0.569111 0.426082 0.0372596 0.0348558
76 0.588341 0.400841 0.0372596 0.0372596
76 0.60637 0.538462 0.0444712 0.0673077
76 0.625601 0.477163 0.0348558 0.0552885
76 0.639423 0.396034 0.0528846 0.0324519
76 0.642428 0.434495 0.0348558 0.0420673
76 0.674279 0.411659 0.03125 0.0444712
