31 0.125601 0.725361 0.251202 0.16226
31 0.20613 0.692909 0.41226 0.203125
31 0.0763221 0.38762 0.143029 0.106971
31 0.077524 0.386418 0.145433 0.114183
31 0.115385 0.627404 0.149038 0.0769231
31 0.0901442 0.338341 0.0408654 0.0324519
31 0.166466 0.391226 0.0685096 0.0612981
31 0.286058 0.706731 0.235577 0.153846
31 0.419471 0.543269 0.228365 0.134615
31 0.486178 0.529447 0.328125 0.188702
31 0.457332 0.483774 0.251202 0.111779
31 0.492188 0.389423 0.18149 0.0528846
31 0.521635 0.339543 0.177885 0.0637019
31 0.682091 0.852764 0.47476 0.28726
31 0.554087 0.356971 0.194712 0.0649038
31 0.600962 0.858774 0.274038 0.203125
31 0.578125 0.521635 0.117788 0.0576923
31 0.762019 0.894231 0.245192 0.168269
31 0.785457 0.783654 0.292067 0.129808
31 0.78125 0.609375 0.216346 0.137019
31 0.837139 0.627404 0.31851 0.197115
31 0.860577 0.429087 0.278846 0.117788
31 0.803486 0.429688 0.13101 0.0661058
31 0.858774 0.459135 0.159856 0.0817308
31 0.914663 0.584736 0.170673 0.0877404
31 0.920072 0.653245 0.157452 0.0901442
31 0.905048 0.414663 0.117788 0.0889423
31 0.983774 0.439904 0.0300481 0.0480769
