18 0.166466 0.600962 0.188702 0.240385
18 0.363582 0.594952 0.188702 0.257212
18 0.54988 0.558894 0.128606 0.252404
18 0.704928 0.555889 0.164663 0.25601
18 0.864183 0.558894 0.122596 0.237981
18 0.166466 0.600962 0.188702 0.240385
18 0.363582 0.594952 0.188702 0.257212
18 0.54988 0.558894 0.128606 0.252404
18 0.704928 0.555889 0.164663 0.25601
18 0.864183 0.558894 0.122596 0.237981
18 0.166466 0.600962 0.188702 0.240385
18 0.363582 0.594952 0.188702 0.257212
18 0.54988 0.558894 0.128606 0.252404
18 0.704928 0.555889 0.164663 0.25601
18 0.864183 0.558894 0.122596 0.237981
