26 0.525841 0.611178 0.0901442 0.111779
26 0.0210337 0.969952 0.0276442 0.0552885
26 0.0294471 0.91887 0.0444712 0.0588942
26 0.0763221 0.969351 0.0372596 0.0444712
26 0.0763221 0.784255 0.0228365 0.0444712
26 0.0889423 0.749399 0.0384615 0.046875
26 0.0883413 0.905649 0.0420673 0.0516827
26 0.129808 0.9375 0.0432692 0.0721154
26 0.134615 0.743389 0.0384615 0.0444712
26 0.131611 0.980168 0.0228365 0.0372596
26 0.144231 0.697716 0.0384615 0.0588942
26 0.180288 0.960938 0.0336538 0.0612981
26 0.183894 0.913462 0.0360577 0.0480769
26 0.182692 0.79387 0.0336538 0.0444712
26 0.183293 0.754808 0.0252404 0.0384615
26 0.213942 0.977163 0.0336538 0.0456731
26 0.218149 0.935697 0.0276442 0.0733173
26 0.225962 0.775841 0.0384615 0.046875
26 0.23738 0.981971 0.0276442 0.0360577
26 0.252404 0.826322 0.0480769 0.0612981
26 0.261418 0.905048 0.0516827 0.0552885
26 0.286659 0.988582 0.0396635 0.0204327
26 0.288462 0.825721 0.0192308 0.0552885
26 0.300481 0.947115 0.0336538 0.0625
26 0.305889 0.510817 0.0396635 0.0360577
26 0.304087 0.465745 0.03125 0.046875
26 0.305288 0.537861 0.0240385 0.0324519
26 0.309495 0.412861 0.0228365 0.0564904
26 0.338942 0.906851 0.0432692 0.0637019
26 0.35637 0.429688 0.0396635 0.0228365
26 0.350361 0.455529 0.0228365 0.0360577
26 0.395433 0.906851 0.0264423 0.0252404
26 0.40024 0.972356 0.03125 0.0504808
26 0.442308 0.915865 0.0336538 0.0769231
26 0.449519 0.977764 0.0384615 0.0420673
26 0.527644 0.947115 0.0793269 0.105769
