21 0.0480769 0.473558 0.0961538 0.115385
21 0.180889 0.314303 0.121394 0.253606
21 0.133413 0.521635 0.0216346 0.0240385
21 0.142428 0.548678 0.0252404 0.0348558
21 0.159856 0.540865 0.0168269 0.0288462
21 0.159856 0.512019 0.0120192 0.0144231
21 0.358173 0.598558 0.192308 0.350962
21 0.575721 0.186899 0.112981 0.229567
21 0.540264 0.0264423 0.0180288 0.0288462
21 0.555288 0.0384615 0.0192308 0.0288462
21 0.560697 0.0078125 0.0204327 0.015625
21 0.567909 0.0222356 0.0108173 0.0204327
21 0.752404 0.132212 0.0144231 0.0240385
21 0.754207 0.103966 0.0132212 0.0204327
21 0.760817 0.078125 0.00721154 0.0216346
21 0.824519 0.152043 0.0432692 0.0685096
21 0.908654 0.210337 0.115385 0.233173
