26 0.0258413 0.411659 0.0420673 0.0492788
26 0.164663 0.469952 0.0649038 0.0985577
26 0.169471 0.54988 0.0552885 0.0516827
26 0.170673 0.944111 0.0240385 0.0612981
26 0.213341 0.51262 0.0564904 0.0925481
26 0.247596 0.763822 0.0384615 0.0709135
26 0.272837 0.940505 0.0264423 0.0588942
26 0.316707 0.524639 0.0228365 0.0444712
26 0.359375 0.980168 0.0697115 0.0372596
26 0.365385 0.463942 0.0625 0.100962
26 0.475962 0.536659 0.0576923 0.0829327
26 0.506611 0.548077 0.0180288 0.0528846
26 0.522236 0.98738 0.0444712 0.0228365
26 0.576923 0.548077 0.0432692 0.0576923
26 0.684495 0.982572 0.0324519 0.0324519
26 0.954327 0.99399 0.0144231 0.0120192
