27 0.503005 0.739183 0.448317 0.319712
27 0.119591 0.532452 0.239183 0.237981
27 0.478966 0.60637 0.953125 0.65024
27 0.211538 0.761418 0.350962 0.272837
27 0.326923 0.552885 0.350962 0.110577
27 0.277644 0.385216 0.122596 0.0973558
27 0.341346 0.422476 0.240385 0.171875
27 0.598558 0.444712 0.394231 0.254808
27 0.537861 0.313702 0.239183 0.0793269
27 0.710337 0.694712 0.367788 0.254808
27 0.771635 0.549279 0.197115 0.0985577
27 0.827524 0.438101 0.241587 0.13101
27 0.859976 0.58113 0.147837 0.0853365
