31 0.204327 0.256611 0.100962 0.157452
31 0.274038 0.435096 0.110577 0.0865385
31 0.345553 0.0991587 0.128606 0.13101
31 0.384615 0.289062 0.139423 0.145433
31 0.478365 0.822716 0.192308 0.15024
31 0.516226 0.902043 0.24399 0.145433
31 0.438702 0.396034 0.0697115 0.114183
31 0.481971 0.218149 0.137019 0.114183
31 0.478365 0.0745192 0.105769 0.0865385
31 0.591947 0.378005 0.174279 0.121394
31 0.573918 0.156851 0.114183 0.078125
31 0.622596 0.102764 0.139423 0.109375
31 0.671875 0.803486 0.151442 0.169471
31 0.704928 0.26262 0.15024 0.135817
31 0.721154 0.112981 0.0817308 0.0961538
31 0.788462 0.424279 0.144231 0.127404
31 0.764423 0.125 0.0721154 0.0673077
31 0.836538 0.303486 0.100962 0.078125
