31 0.0997596 0.792067 0.199519 0.415865
31 0.499399 0.499399 0.998798 0.998798
31 0.149038 0.637019 0.254808 0.370192
31 0.227764 0.916466 0.301683 0.164663
31 0.284255 0.248197 0.299279 0.429087
31 0.278846 0.501202 0.201923 0.483173
31 0.288462 0.0486779 0.211538 0.0973558
31 0.485577 0.600361 0.298077 0.748798
31 0.521635 0.183894 0.288462 0.367788
31 0.601562 0.951923 0.183894 0.0961538
31 0.650841 0.283654 0.11899 0.278846
31 0.72476 0.77524 0.247596 0.449519
31 0.792067 0.375 0.34375 0.740385
31 0.899639 0.833534 0.198317 0.330529
