56 0.0408654 0.573317 0.0817308 0.0697115
56 0.0751202 0.375601 0.145433 0.140625
56 0.0354567 0.646034 0.0612981 0.0997596
56 0.123798 0.649038 0.122596 0.0961538
56 0.125 0.566106 0.105769 0.0697115
56 0.25 0.668269 0.110577 0.105769
56 0.245192 0.368389 0.0769231 0.078125
56 0.256611 0.584736 0.0997596 0.0829327
56 0.301082 0.347356 0.0588942 0.0649038
56 0.371995 0.423678 0.0901442 0.0829327
56 0.378005 0.554087 0.0877404 0.0456731
56 0.385817 0.675481 0.0985577 0.100962
56 0.391226 0.594952 0.0853365 0.0697115
56 0.509014 0.810096 0.0853365 0.0817308
56 0.530649 0.876202 0.0853365 0.0841346
56 0.566707 0.105168 0.0709135 0.0516827
56 0.585337 0.131611 0.0649038 0.0757212
56 0.591947 0.810096 0.0637019 0.0721154
56 0.630409 0.144231 0.13101 0.0721154
56 0.749399 0.603365 0.0805288 0.0865385
56 0.785457 0.652644 0.0949519 0.0793269
56 0.877404 0.16226 0.240385 0.0841346
56 0.823918 0.592548 0.0853365 0.0841346
56 0.870793 0.654447 0.0877404 0.0877404
