18 0.078125 0.332933 0.15625 0.28125
18 0.246394 0.102764 0.310096 0.205529
18 0.404447 0.319111 0.390625 0.316106
18 0.611178 0.669471 0.491587 0.502404
18 0.61899 0.0769231 0.310096 0.153846
18 0.810697 0.266827 0.33774 0.288462
18 0.908654 0.0961538 0.177885 0.192308
18 0.078125 0.332933 0.15625 0.28125
18 0.246394 0.102764 0.310096 0.205529
18 0.404447 0.319111 0.390625 0.316106
18 0.611178 0.669471 0.491587 0.502404
18 0.61899 0.0769231 0.310096 0.153846
18 0.810697 0.266827 0.33774 0.288462
18 0.908654 0.0961538 0.177885 0.192308
18 0.078125 0.332933 0.15625 0.28125
18 0.246394 0.102764 0.310096 0.205529
18 0.404447 0.319111 0.390625 0.316106
18 0.611178 0.669471 0.491587 0.502404
18 0.61899 0.0769231 0.310096 0.153846
18 0.810697 0.266827 0.33774 0.288462
18 0.908654 0.0961538 0.177885 0.192308
