18 0.644832 0.507812 0.405048 0.558894
18 0.594952 0.347957 0.300481 0.253606
18 0.618389 0.558293 0.308894 0.174279
18 0.638822 0.705529 0.316106 0.175481
18 0.700721 0.61238 0.295673 0.195913
18 0.715144 0.415865 0.262019 0.182692
18 0.644832 0.507812 0.405048 0.558894
18 0.594952 0.347957 0.300481 0.253606
18 0.618389 0.558293 0.308894 0.174279
18 0.638822 0.705529 0.316106 0.175481
18 0.700721 0.61238 0.295673 0.195913
18 0.715144 0.415865 0.262019 0.182692
18 0.644832 0.507812 0.405048 0.558894
18 0.594952 0.347957 0.300481 0.253606
18 0.618389 0.558293 0.308894 0.174279
18 0.638822 0.705529 0.316106 0.175481
18 0.700721 0.61238 0.295673 0.195913
18 0.715144 0.415865 0.262019 0.182692
