73 0.349159 0.417067 0.188702 0.189904
73 0.0703125 0.094351 0.135817 0.164663
73 0.124399 0.426683 0.157452 0.175481
73 0.166466 0.81851 0.179087 0.228365
73 0.282452 0.120793 0.141827 0.164663
73 0.439303 0.803486 0.16226 0.217548
73 0.480769 0.135216 0.139423 0.155048
73 0.567308 0.411659 0.149038 0.15024
73 0.642428 0.155048 0.13101 0.146635
73 0.688702 0.757212 0.180288 0.216346
73 0.753005 0.408654 0.145433 0.153846
73 0.81851 0.171274 0.122596 0.135817
73 0.885216 0.739784 0.159856 0.219952
73 0.912861 0.40024 0.138221 0.146635
