21 0.0444712 0.871995 0.0889423 0.253606
21 0.0889423 0.179688 0.177885 0.335337
21 0.116587 0.598558 0.233173 0.451923
21 0.499399 0.499399 0.998798 0.998798
21 0.284255 0.879207 0.472356 0.239183
21 0.206731 0.346755 0.293269 0.328125
21 0.371995 0.0997596 0.43149 0.199519
21 0.408654 0.623798 0.360577 0.425481
21 0.790264 0.926082 0.393029 0.145433
21 0.70012 0.0949519 0.207933 0.189904
21 0.760817 0.353365 0.300481 0.302885
21 0.808894 0.713942 0.372596 0.418269
21 0.903245 0.0985577 0.191106 0.197115
21 0.933293 0.340745 0.13101 0.292067
