6 0.0240385 0.613582 0.0480769 0.13101
6 0.0324519 0.692308 0.0649038 0.105769
6 0.0697115 0.682091 0.0336538 0.0612981
6 0.238582 0.95012 0.27524 0.0973558
6 0.27524 0.893029 0.28125 0.0889423
6 0.219351 0.970553 0.159856 0.0564904
6 0.548077 0.239784 0.793269 0.364183
6 0.313101 0.623798 0.27524 0.132212
6 0.480769 0.977764 0.269231 0.0420673
6 0.477764 0.462139 0.16226 0.102163
6 0.439303 0.600962 0.0661058 0.0480769
6 0.5 0.597957 0.0769231 0.0564904
6 0.657452 0.46274 0.237981 0.165865
6 0.580529 0.41226 0.0649038 0.0697115
6 0.811298 0.618389 0.372596 0.409856
6 0.777644 0.9375 0.127404 0.125
6 0.835337 0.961538 0.0600962 0.0769231
6 0.871394 0.9375 0.127404 0.125
