31 0.03125 0.395433 0.0625 0.0552885
31 0.0456731 0.47476 0.0913462 0.122596
31 0.106971 0.26262 0.213942 0.121394
31 0.13762 0.347957 0.246394 0.104567
31 0.139423 0.618389 0.182692 0.145433
31 0.194111 0.49399 0.205529 0.122596
31 0.257212 0.682091 0.211538 0.133413
31 0.28125 0.239183 0.182692 0.122596
31 0.34375 0.128606 0.173077 0.108173
31 0.392428 0.48137 0.231971 0.174279
31 0.382812 0.386418 0.207933 0.109375
31 0.41887 0.674279 0.15024 0.146635
31 0.448317 0.255409 0.137019 0.0733173
31 0.486779 0.563101 0.199519 0.102163
31 0.486779 0.314303 0.180288 0.114183
31 0.506611 0.201923 0.191106 0.0817308
31 0.552284 0.759615 0.268029 0.153846
31 0.523438 0.109976 0.147837 0.0949519
31 0.576322 0.441707 0.210337 0.157452
31 0.635216 0.640625 0.289663 0.213942
31 0.699519 0.392428 0.201923 0.116587
31 0.71274 0.320913 0.228365 0.112981
31 0.64363 0.129207 0.0709135 0.0612981
31 0.713942 0.17488 0.173077 0.0564904
31 0.73137 0.239183 0.188702 0.0745192
31 0.740385 0.0889423 0.134615 0.0913462
31 0.789062 0.495192 0.236779 0.144231
31 0.862981 0.272236 0.182692 0.0877404
31 0.828726 0.120192 0.109375 0.0576923
31 0.896635 0.341947 0.177885 0.0973558
31 0.922476 0.430288 0.152644 0.144231
31 0.930889 0.202524 0.135817 0.116587
31 0.932692 0.725962 0.129808 0.129808
31 0.953125 0.617788 0.0889423 0.110577
