26 0.0222356 0.458534 0.0204327 0.0228365
26 0.0378606 0.388822 0.0132212 0.0276442
26 0.0438702 0.328726 0.0204327 0.0276442
26 0.0444712 0.473558 0.0168269 0.0144231
26 0.0606971 0.301082 0.0108173 0.0204327
26 0.063101 0.493389 0.0108173 0.0348558
26 0.0757212 0.38762 0.0168269 0.0204327
26 0.0865385 0.339543 0.0240385 0.0396635
26 0.0841346 0.460938 0.0144231 0.0276442
26 0.0889423 0.42488 0.0192308 0.0372596
26 0.0883413 0.292668 0.0132212 0.0324519
26 0.109976 0.445312 0.0132212 0.0300481
26 0.115385 0.337139 0.0144231 0.0204327
26 0.117188 0.480168 0.0132212 0.0324519
26 0.11899 0.38762 0.0168269 0.0300481
26 0.130409 0.347957 0.0204327 0.0420673
26 0.135817 0.398438 0.0168269 0.0324519
26 0.146034 0.368389 0.0276442 0.0396635
26 0.159856 0.239784 0.0168269 0.0228365
26 0.168269 0.408053 0.0240385 0.0324519
26 0.168269 0.256611 0.0144231 0.0228365
26 0.172476 0.326322 0.0228365 0.0324519
26 0.18149 0.308293 0.0168269 0.0300481
26 0.198918 0.250601 0.0228365 0.0300481
26 0.207933 0.309495 0.00721154 0.0324519
26 0.211538 0.284255 0.0144231 0.0300481
26 0.227764 0.210938 0.0276442 0.0228365
26 0.283053 0.365986 0.0132212 0.0348558
26 0.324519 0.340745 0.0144231 0.0180288
26 0.330529 0.394832 0.0168269 0.0396635
26 0.344952 0.311899 0.0264423 0.0276442
26 0.358774 0.405649 0.0300481 0.0276442
26 0.362981 0.369591 0.0336538 0.0372596
26 0.376202 0.316707 0.0360577 0.0324519
26 0.378606 0.390024 0.0264423 0.0252404
26 0.378606 0.423678 0.0264423 0.0252404
26 0.402043 0.352764 0.0444712 0.0324519
26 0.405649 0.396034 0.0276442 0.0276442
26 0.411659 0.448918 0.0300481 0.0324519
26 0.418269 0.304688 0.0336538 0.0420673
26 0.429087 0.260216 0.0168269 0.0204327
26 0.430889 0.368389 0.0204327 0.0396635
26 0.444111 0.298077 0.0228365 0.0144231
26 0.457332 0.365986 0.0204327 0.0300481
26 0.45613 0.441106 0.0132212 0.0504808
26 0.459135 0.26863 0.0192308 0.0372596
26 0.471755 0.381611 0.0204327 0.0324519
26 0.478365 0.405649 0.0240385 0.0372596
26 0.480769 0.323918 0.0192308 0.0276442
26 0.489784 0.29988 0.0132212 0.0324519
26 0.501202 0.202524 0.0264423 0.0300481
26 0.503606 0.381611 0.0264423 0.0324519
26 0.498197 0.255409 0.0108173 0.0300481
26 0.510817 0.315505 0.0360577 0.0348558
26 0.515024 0.314303 0.0300481 0.0372596
26 0.519832 0.391226 0.0204327 0.0276442
26 0.520433 0.284255 0.0168269 0.0396635
26 0.523438 0.244591 0.0228365 0.0324519
26 0.539062 0.271034 0.0204327 0.0420673
26 0.541466 0.347957 0.0204327 0.0420673
26 0.557692 0.396034 0.0336538 0.0276442
26 0.572115 0.284255 0.0192308 0.0396635
26 0.570312 0.355168 0.0204327 0.0372596
26 0.582933 0.220553 0.0408654 0.0324519
26 0.586538 0.213341 0.00961538 0.0276442
26 0.606971 0.195312 0.0408654 0.0300481
26 0.605168 0.286659 0.0276442 0.0204327
26 0.607572 0.425481 0.0324519 0.0480769
26 0.595553 0.316707 0.00360577 0.0228365
26 0.605769 0.381611 0.0192308 0.0324519
26 0.615385 0.184495 0.0336538 0.0324519
26 0.616587 0.259014 0.0360577 0.0372596
26 0.61899 0.216947 0.0264423 0.0204327
26 0.622596 0.310697 0.00961538 0.0252404
26 0.643029 0.284255 0.0264423 0.0396635
26 0.639423 0.190505 0.0144231 0.0204327
26 0.915865 0.355168 0.0576923 0.0901442
26 0.966346 0.28125 0.0625 0.125
26 0.959736 0.405048 0.0444712 0.0649038
26 0.96875 0.470553 0.0625 0.0997596
