18 0.382212 0.578726 0.350962 0.258413
18 0.0600962 0.30649 0.120192 0.161058
18 0.140625 0.472957 0.28125 0.205529
18 0.292668 0.179688 0.248798 0.18149
18 0.491587 0.289663 0.286058 0.194712
18 0.576322 0.775841 0.364183 0.28726
18 0.560096 0.0907452 0.235577 0.157452
18 0.73137 0.423678 0.308894 0.236779
18 0.925481 0.694712 0.144231 0.278846
18 0.976562 0.402043 0.0444712 0.126202
18 0.382212 0.578726 0.350962 0.258413
18 0.0600962 0.30649 0.120192 0.161058
18 0.140625 0.472957 0.28125 0.205529
18 0.292668 0.179688 0.248798 0.18149
18 0.491587 0.289663 0.286058 0.194712
18 0.576322 0.775841 0.364183 0.28726
18 0.560096 0.0907452 0.235577 0.157452
18 0.73137 0.423678 0.308894 0.236779
18 0.925481 0.694712 0.144231 0.278846
18 0.976562 0.402043 0.0444712 0.126202
18 0.382212 0.578726 0.350962 0.258413
18 0.0600962 0.30649 0.120192 0.161058
18 0.140625 0.472957 0.28125 0.205529
18 0.292668 0.179688 0.248798 0.18149
18 0.491587 0.289663 0.286058 0.194712
18 0.576322 0.775841 0.364183 0.28726
18 0.560096 0.0907452 0.235577 0.157452
18 0.73137 0.423678 0.308894 0.236779
18 0.925481 0.694712 0.144231 0.278846
18 0.976562 0.402043 0.0444712 0.126202
