18 0.361779 0.254808 0.425481 0.288462
18 0.421274 0.613582 0.491587 0.328125
18 0.361178 0.0324519 0.31851 0.0649038
18 0.725962 0.111178 0.4375 0.222356
18 0.821514 0.411058 0.354567 0.307692
18 0.361779 0.254808 0.425481 0.288462
18 0.421274 0.613582 0.491587 0.328125
18 0.361178 0.0324519 0.31851 0.0649038
18 0.725962 0.111178 0.4375 0.222356
18 0.821514 0.411058 0.354567 0.307692
18 0.361779 0.254808 0.425481 0.288462
18 0.421274 0.613582 0.491587 0.328125
18 0.361178 0.0324519 0.31851 0.0649038
18 0.725962 0.111178 0.4375 0.222356
18 0.821514 0.411058 0.354567 0.307692
