63 0.149639 0.364183 0.299279 0.353365
63 0.0805288 0.41226 0.0456731 0.0600962
63 0.159856 0.602163 0.185096 0.132212
63 0.186899 0.534255 0.167067 0.0588942
63 0.237981 0.712139 0.153846 0.433894
63 0.315505 0.612981 0.0637019 0.298077
63 0.407452 0.399639 0.0552885 0.174279
63 0.561298 0.365385 0.213942 0.0769231
63 0.507212 0.670072 0.0865385 0.301683
63 0.521635 0.265024 0.105769 0.0637019
63 0.545072 0.628606 0.0949519 0.146635
63 0.569712 0.504207 0.134615 0.16226
63 0.632812 0.322716 0.207933 0.106971
63 0.594952 0.804688 0.132212 0.335337
63 0.596755 0.466947 0.111779 0.111779
63 0.670673 0.701322 0.192308 0.22476
63 0.771034 0.372596 0.24399 0.0769231
63 0.823317 0.401442 0.0889423 0.0288462
63 0.908053 0.580529 0.18149 0.0889423
63 0.882812 0.362981 0.0877404 0.0432692
63 0.945913 0.364784 0.0841346 0.0372596
63 0.959736 0.664663 0.0540865 0.0552885
