19 0.694712 0.579928 0.254808 0.352163
19 0.0697115 0.507212 0.139423 0.25
19 0.103966 0.275841 0.169471 0.239183
19 0.172476 0.592548 0.16226 0.257212
19 0.183894 0.36238 0.161058 0.215144
19 0.283654 0.132812 0.163462 0.265625
19 0.302885 0.682692 0.201923 0.278846
19 0.313101 0.388822 0.159856 0.277644
19 0.452524 0.179688 0.222356 0.24399
19 0.486178 0.728365 0.217548 0.326923
19 0.495192 0.41887 0.216346 0.31851
19 0.712139 0.851562 0.299279 0.294471
19 0.697716 0.280048 0.231971 0.310096
19 0.884615 0.498798 0.221154 0.319712
