26 0.428486 0.486178 0.679087 0.727163
26 0.0252404 0.317909 0.0504808 0.0925481
26 0.0456731 0.840745 0.0913462 0.282452
26 0.0673077 0.159856 0.134615 0.228365
26 0.0673077 0.561298 0.134615 0.338942
26 0.11899 0.0372596 0.137019 0.0745192
26 0.141226 0.95012 0.123798 0.0925481
26 0.189904 0.821514 0.177885 0.229567
26 0.214543 0.713341 0.15024 0.268029
26 0.194111 0.499399 0.104567 0.104567
26 0.229567 0.349159 0.170673 0.217548
26 0.263221 0.0865385 0.204327 0.173077
26 0.28726 0.183293 0.170673 0.155048
26 0.282452 0.58113 0.0841346 0.229567
26 0.3125 0.783053 0.0673077 0.167067
26 0.397837 0.0456731 0.165865 0.0913462
26 0.392428 0.536058 0.140625 0.307692
26 0.382212 0.879808 0.100962 0.125
26 0.429087 0.107572 0.127404 0.147837
26 0.457933 0.919471 0.112981 0.127404
26 0.512019 0.591346 0.177885 0.264423
26 0.508413 0.251202 0.151442 0.127404
26 0.559495 0.653846 0.191106 0.302885
26 0.549279 0.0408654 0.161058 0.0817308
26 0.560697 0.317909 0.0877404 0.15024
26 0.610577 0.126202 0.153846 0.117788
26 0.615385 0.899038 0.163462 0.197115
26 0.666466 0.323317 0.140625 0.247596
26 0.661659 0.192909 0.106971 0.0829327
26 0.70613 0.780048 0.147837 0.194712
26 0.68149 0.629207 0.09375 0.272837
26 0.748197 0.03125 0.164663 0.0625
26 0.771635 0.376803 0.139423 0.143029
26 0.735577 0.694111 0.0625 0.0901442
26 0.739784 0.977764 0.0661058 0.0372596
26 0.731971 0.228365 0.0408654 0.110577
26 0.79988 0.490986 0.123798 0.0877404
26 0.885817 0.235577 0.213942 0.235577
26 0.882812 0.91887 0.121394 0.155048
26 0.921274 0.0588942 0.140625 0.117788
26 0.926082 0.742788 0.140625 0.25
26 0.928486 0.40625 0.140625 0.240385
26 0.986178 0.263221 0.0204327 0.137019
