56 0.13101 0.239183 0.122596 0.127404
56 0.144231 0.435697 0.0913462 0.106971
56 0.140625 0.447716 0.0793269 0.0588942
56 0.147837 0.427284 0.0745192 0.0612981
56 0.154447 0.405048 0.0733173 0.0552885
56 0.225361 0.611779 0.157452 0.09375
56 0.216947 0.242188 0.0925481 0.128606
56 0.222957 0.447716 0.0757212 0.0685096
56 0.235577 0.423077 0.0576923 0.0432692
56 0.23738 0.412861 0.0612981 0.0276442
56 0.289062 0.253005 0.0733173 0.102163
56 0.309495 0.429688 0.0901442 0.114183
56 0.374399 0.248197 0.0757212 0.106971
56 0.388822 0.438702 0.0709135 0.132212
56 0.432692 0.792067 0.144231 0.117788
56 0.452524 0.246995 0.0733173 0.128606
56 0.458534 0.615986 0.0612981 0.0877404
56 0.460337 0.575721 0.0600962 0.0360577
56 0.459736 0.593149 0.0588942 0.0564904
56 0.460938 0.430889 0.0564904 0.0492788
56 0.463942 0.454327 0.0576923 0.0625
56 0.526442 0.242188 0.0817308 0.123798
56 0.513221 0.398438 0.0456731 0.0564904
56 0.520433 0.408053 0.0504808 0.0612981
56 0.570312 0.786659 0.140625 0.111779
56 0.532452 0.423678 0.0552885 0.0588942
56 0.539062 0.459736 0.0685096 0.0637019
56 0.53726 0.276442 0.0600962 0.0480769
56 0.533053 0.588942 0.046875 0.0528846
56 0.539663 0.605769 0.0552885 0.0865385
56 0.59375 0.436298 0.0913462 0.127404
56 0.580529 0.394832 0.0504808 0.0348558
56 0.576322 0.409255 0.0420673 0.0588942
56 0.583534 0.424279 0.0420673 0.0552885
56 0.600361 0.442909 0.0612981 0.0637019
56 0.601562 0.460337 0.0637019 0.0841346
56 0.614784 0.271635 0.0805288 0.0769231
56 0.665865 0.44351 0.0865385 0.122596
56 0.649639 0.419471 0.0444712 0.0841346
56 0.647236 0.405649 0.0348558 0.0661058
56 0.658053 0.439303 0.0420673 0.0757212
56 0.669471 0.253005 0.0504808 0.0588942
56 0.678486 0.28726 0.0685096 0.0504808
56 0.680889 0.460337 0.0588942 0.0793269
56 0.736779 0.42488 0.112981 0.0997596
56 0.736178 0.434495 0.0444712 0.0853365
56 0.746394 0.460337 0.0649038 0.0745192
56 0.76262 0.278245 0.0637019 0.0709135
56 0.784255 0.243389 0.0492788 0.0637019
56 0.805889 0.444111 0.0444712 0.0805288
56 0.828125 0.459135 0.0600962 0.0769231
56 0.832332 0.281851 0.0637019 0.0588942
