26 0.00480769 0.350962 0.00961538 0.0288462
26 0.0210337 0.481971 0.0180288 0.0408654
26 0.0300481 0.620192 0.0264423 0.0288462
26 0.0396635 0.454928 0.03125 0.0348558
26 0.0522837 0.653245 0.0276442 0.046875
26 0.0612981 0.618389 0.0264423 0.0348558
26 0.0649038 0.576322 0.0192308 0.0276442
26 0.0667067 0.861779 0.0228365 0.0360577
26 0.0727163 0.159255 0.0252404 0.0492788
26 0.0745192 0.826322 0.0240385 0.0324519
26 0.0817308 0.191707 0.0240385 0.046875
26 0.0817308 0.520433 0.0240385 0.0552885
26 0.0841346 0.878005 0.0192308 0.0444712
26 0.0985577 0.161659 0.0192308 0.0444712
26 0.103966 0.621995 0.0252404 0.0420673
26 0.108774 0.581731 0.0300481 0.0384615
26 0.120192 0.435697 0.0192308 0.0492788
26 0.125601 0.870793 0.0204327 0.0444712
26 0.137019 0.730168 0.0240385 0.0276442
26 0.135817 0.399038 0.0216346 0.0288462
26 0.139423 0.11899 0.0192308 0.0408654
26 0.142428 0.432692 0.0252404 0.0288462
26 0.145433 0.58774 0.0264423 0.03125
26 0.151442 0.753005 0.0192308 0.0348558
26 0.152043 0.917668 0.0204327 0.0276442
26 0.154447 0.875 0.015625 0.0384615
26 0.159856 0.378606 0.0216346 0.0408654
26 0.161058 0.84375 0.0192308 0.0336538
26 0.163462 0.532452 0.0192308 0.0360577
26 0.165264 0.610577 0.0180288 0.0384615
26 0.183894 0.926082 0.0264423 0.0348558
26 0.1875 0.736178 0.0192308 0.0348558
26 0.195312 0.890024 0.0252404 0.0444712
26 0.212139 0.567308 0.0300481 0.0480769
26 0.221755 0.852764 0.0204327 0.0420673
26 0.229567 0.632212 0.0264423 0.0384615
26 0.236178 0.659856 0.0204327 0.0360577
26 0.242188 0.564904 0.0228365 0.0384615
26 0.265625 0.652644 0.0360577 0.0408654
26 0.277043 0.699519 0.0204327 0.0240385
26 0.345553 0.854567 0.0420673 0.0456731
26 0.338942 0.59976 0.0192308 0.03125
26 0.341947 0.465144 0.0204327 0.0408654
26 0.353365 0.706731 0.0192308 0.0288462
26 0.357572 0.20613 0.0324519 0.0420673
26 0.359976 0.626202 0.0228365 0.0408654
26 0.375 0.14363 0.0240385 0.0516827
26 0.373798 0.722957 0.0216346 0.0324519
26 0.371394 0.810697 0.0120192 0.0348558
26 0.390024 0.717548 0.0252404 0.0360577
26 0.397837 0.789663 0.0216346 0.03125
26 0.399038 0.833534 0.0144231 0.0276442
26 0.406851 0.767428 0.0204327 0.0204327
26 0.405649 0.231971 0.0180288 0.0360577
26 0.43149 0.569111 0.0168269 0.0420673
26 0.448317 0.228365 0.0216346 0.0432692
26 0.453726 0.469952 0.0276442 0.0697115
26 0.484976 0.335337 0.0276442 0.03125
26 0.494591 0.825721 0.0228365 0.0456731
26 0.541466 0.871394 0.0252404 0.0408654
26 0.543269 0.830529 0.0240385 0.03125
26 0.577524 0.241587 0.0300481 0.0408654
26 0.601562 0.274639 0.0300481 0.0348558
26 0.604567 0.115986 0.03125 0.0348558
26 0.605168 0.313101 0.0228365 0.0252404
26 0.623798 0.384615 0.0264423 0.0384615
26 0.641827 0.382212 0.0192308 0.0336538
26 0.658654 0.709135 0.0384615 0.0576923
26 0.671274 0.803486 0.0300481 0.0492788
26 0.694712 0.155048 0.0192308 0.0504808
26 0.709135 0.935096 0.0384615 0.0625
26 0.725361 0.845553 0.0228365 0.0276442
26 0.734976 0.882812 0.0324519 0.0444712
26 0.758413 0.528245 0.03125 0.0420673
26 0.754207 0.178486 0.0228365 0.0444712
26 0.754808 0.0264423 0.0144231 0.0528846
26 0.767428 0.29387 0.0252404 0.0444712
26 0.776442 0.0234375 0.0192308 0.0324519
26 0.782452 0.173678 0.0264423 0.0348558
26 0.780649 0.503606 0.00841346 0.0456731
26 0.798678 0.197716 0.0300481 0.0348558
26 0.820913 0.537861 0.0264423 0.0564904
26 0.821514 0.764423 0.0276442 0.0528846
26 0.822716 0.420673 0.0204327 0.0576923
26 0.826923 0.445312 0.0240385 0.0348558
26 0.835337 0.727764 0.03125 0.0228365
26 0.851562 0.897236 0.0444712 0.0492788
26 0.869591 0.978966 0.0228365 0.0396635
26 0.888221 0.728365 0.0120192 0.0336538
26 0.935096 0.929087 0.0240385 0.0456731
