35 0.0480769 0.352764 0.0961538 0.138221
35 0.0679087 0.277043 0.102163 0.0685096
35 0.119591 0.509615 0.0949519 0.120192
35 0.189904 0.302885 0.110577 0.0817308
35 0.225962 0.606971 0.134615 0.09375
35 0.251803 0.130409 0.133413 0.0685096
35 0.381611 0.790264 0.36899 0.292067
35 0.276442 0.260817 0.110577 0.0889423
35 0.361178 0.415264 0.222356 0.152644
35 0.334135 0.186298 0.0673077 0.0985577
35 0.420673 0.209736 0.115385 0.0973558
35 0.460938 0.375 0.104567 0.120192
35 0.518029 0.20012 0.09375 0.0733173
35 0.525841 0.430288 0.0997596 0.125
35 0.649639 0.260817 0.159856 0.0889423
35 0.644832 0.544471 0.13101 0.15625
35 0.72476 0.801683 0.228365 0.228365
35 0.699519 0.388221 0.110577 0.0889423
35 0.794471 0.326322 0.122596 0.128606
35 0.855769 0.545072 0.177885 0.0901442
35 0.881611 0.701322 0.147837 0.186298
35 0.901442 0.458534 0.0961538 0.104567
