61 0.21274 0.546875 0.425481 0.454327
61 0.259014 0.740986 0.508413 0.328125
61 0.248798 0.260817 0.21875 0.112981
61 0.361779 0.161058 0.161058 0.0817308
61 0.411659 0.260216 0.217548 0.102163
61 0.646635 0.790264 0.533654 0.417067
61 0.514423 0.137019 0.173077 0.0913462
61 0.608173 0.252404 0.211538 0.115385
61 0.669471 0.120793 0.15625 0.0877404
61 0.787861 0.430889 0.30649 0.236779
61 0.822716 0.229567 0.21274 0.112981
61 0.783053 0.853365 0.0420673 0.0865385
61 0.852163 0.0997596 0.165865 0.103365
