31 0.0366587 0.177284 0.0733173 0.30649
31 0.0516827 0.45613 0.103365 0.253606
31 0.0576923 0.659856 0.115385 0.286058
31 0.0721154 0.0865385 0.144231 0.173077
31 0.149038 0.884014 0.298077 0.229567
31 0.135817 0.290264 0.209135 0.24399
31 0.139423 0.0234375 0.163462 0.046875
31 0.144832 0.682091 0.140625 0.229567
31 0.263221 0.106971 0.237981 0.213942
31 0.396034 0.493389 0.316106 0.284856
31 0.486178 0.402644 0.0973558 0.15625
31 0.623798 0.261418 0.266827 0.234375
31 0.564904 0.652644 0.134615 0.199519
31 0.742188 0.426683 0.417067 0.34375
31 0.626803 0.0811298 0.18149 0.16226
31 0.801683 0.783053 0.396635 0.43149
31 0.819712 0.0985577 0.355769 0.197115
31 0.852764 0.195312 0.248798 0.164663
31 0.890024 0.472957 0.203125 0.277644
31 0.866587 0.648438 0.146635 0.123798
31 0.942308 0.634014 0.115385 0.186298
31 0.964543 0.359976 0.0685096 0.152644
