18 0.294471 0.444111 0.300481 0.354567
18 0.472957 0.691106 0.354567 0.324519
18 0.528846 0.196514 0.235577 0.282452
18 0.570312 0.488582 0.294471 0.356971
18 0.751202 0.292668 0.266827 0.268029
18 0.833534 0.512019 0.30649 0.341346
18 0.294471 0.444111 0.300481 0.354567
18 0.472957 0.691106 0.354567 0.324519
18 0.528846 0.196514 0.235577 0.282452
18 0.570312 0.488582 0.294471 0.356971
18 0.751202 0.292668 0.266827 0.268029
18 0.833534 0.512019 0.30649 0.341346
18 0.294471 0.444111 0.300481 0.354567
18 0.472957 0.691106 0.354567 0.324519
18 0.528846 0.196514 0.235577 0.282452
18 0.570312 0.488582 0.294471 0.356971
18 0.751202 0.292668 0.266827 0.268029
18 0.833534 0.512019 0.30649 0.341346
