77 0.1875 0.0492788 0.0384615 0.0649038
77 0.319712 0.525841 0.211538 0.167067
77 0.526442 0.726562 0.605769 0.15024
77 0.251202 0.0486779 0.0552885 0.0637019
77 0.532452 0.911058 0.59375 0.134615
77 0.320312 0.046875 0.0396635 0.0649038
77 0.377404 0.0396635 0.0480769 0.0793269
77 0.398438 0.327524 0.0709135 0.179087
77 0.555288 0.0817308 0.0576923 0.163462
77 0.630409 0.0817308 0.0685096 0.163462
77 0.692308 0.303486 0.0961538 0.222356
77 0.69351 0.0817308 0.0649038 0.163462
77 0.763221 0.0817308 0.0649038 0.163462
77 0.821514 0.0817308 0.0661058 0.163462
