79 0.179087 0.388221 0.108173 0.117788
79 0.183894 0.776442 0.0889423 0.110577
79 0.203125 0.275841 0.122596 0.114183
79 0.235577 0.338942 0.0961538 0.129808
79 0.238582 0.766827 0.0973558 0.139423
79 0.250601 0.680889 0.0637019 0.140625
79 0.300481 0.692909 0.115385 0.135817
79 0.31851 0.773438 0.0745192 0.0420673
79 0.375 0.0625 0.0913462 0.110577
79 0.406851 0.929087 0.145433 0.141827
79 0.395433 0.113582 0.112981 0.111779
79 0.394231 0.72476 0.0817308 0.165865
79 0.408654 0.149038 0.0961538 0.115385
79 0.422476 0.391226 0.0949519 0.138221
79 0.586538 0.885817 0.115385 0.189904
79 0.584736 0.3125 0.0925481 0.134615
79 0.631611 0.350361 0.104567 0.104567
79 0.627404 0.428486 0.0769231 0.0685096
79 0.655048 0.745192 0.117788 0.149038
79 0.646034 0.115385 0.0997596 0.100962
79 0.652644 0.633413 0.103365 0.170673
79 0.652043 0.397837 0.0637019 0.0793269
79 0.679688 0.10637 0.0612981 0.0973558
79 0.713942 0.45613 0.0961538 0.133413
79 0.721154 0.41226 0.0961538 0.117788
79 0.754808 0.253005 0.0961538 0.15024
79 0.774639 0.644231 0.0973558 0.192308
79 0.801082 0.600962 0.0733173 0.153846
