14 0.352764 0.419471 0.263221 0.435096
14 0.379207 0.664062 0.0276442 0.0252404
14 0.377404 0.803486 0.0240385 0.0348558
14 0.379808 0.737981 0.0240385 0.0432692
14 0.408053 0.710337 0.0228365 0.0408654
14 0.423077 0.65625 0.0192308 0.0384615
14 0.426683 0.769231 0.0216346 0.0432692
14 0.457933 0.661058 0.0264423 0.0432692
14 0.461538 0.722356 0.0240385 0.0408654
14 0.471154 0.778846 0.0240385 0.0288462
14 0.506611 0.670673 0.0228365 0.0384615
14 0.507812 0.736779 0.0252404 0.0456731
14 0.510817 0.796875 0.0216346 0.0408654
14 0.536058 0.763822 0.0192308 0.0324519
14 0.540865 0.653846 0.0144231 0.0384615
14 0.545673 0.707332 0.0192308 0.0252404
14 0.555889 0.811899 0.0204327 0.0516827
14 0.56851 0.722356 0.0216346 0.03125
14 0.569712 0.781851 0.00961538 0.0300481
14 0.575721 0.670673 0.0216346 0.0432692
14 0.680288 0.466947 0.197115 0.31851
