31 0.0805288 0.419471 0.161058 0.300481
31 0.105769 0.771034 0.211538 0.441106
31 0.11899 0.16226 0.237981 0.324519
31 0.236178 0.923678 0.251202 0.15024
31 0.21274 0.66887 0.194712 0.342548
31 0.296274 0.405649 0.246394 0.402644
31 0.291466 0.0504808 0.155048 0.100962
31 0.420673 0.792668 0.302885 0.354567
31 0.463341 0.952524 0.205529 0.0925481
31 0.5 0.0649038 0.225962 0.120192
31 0.531851 0.555889 0.227163 0.294471
31 0.561899 0.237981 0.28726 0.370192
31 0.663462 0.78726 0.225962 0.290865
31 0.702524 0.933293 0.251202 0.13101
31 0.747596 0.0769231 0.269231 0.153846
31 0.808293 0.584736 0.251202 0.390625
31 0.878606 0.197115 0.237981 0.394231
31 0.90625 0.835337 0.1875 0.329327
31 0.945913 0.5 0.103365 0.399038
