44 0.0168269 0.540865 0.0336538 0.0528846
44 0.0264423 0.40024 0.0528846 0.0649038
44 0.0360577 0.730168 0.0721154 0.0805288
44 0.0540865 0.889423 0.108173 0.149038
44 0.106971 0.686298 0.213942 0.608173
44 0.116587 0.638822 0.180288 0.200721
44 0.117188 0.426683 0.104567 0.0697115
44 0.446514 0.438101 0.234375 0.179087
44 0.554688 0.220553 0.104567 0.0612981
44 0.58113 0.244591 0.157452 0.128606
44 0.619591 0.252404 0.109375 0.0961538
44 0.831731 0.479567 0.0961538 0.0697115
44 0.891226 0.459736 0.215144 0.27524
44 0.923678 0.361779 0.102163 0.0793269
44 0.945913 0.582933 0.0600962 0.0456731
44 0.975962 0.40024 0.0480769 0.0649038
