44 0.585938 0.524038 0.128606 0.134615
44 0.046875 0.03125 0.0745192 0.0625
44 0.0498798 0.139423 0.0661058 0.0480769
44 0.120793 0.0378606 0.0348558 0.0420673
44 0.162861 0.819712 0.0853365 0.0913462
44 0.170072 0.704928 0.0516827 0.0685096
44 0.198918 0.953726 0.104567 0.0853365
44 0.207332 0.542668 0.0685096 0.0612981
44 0.198918 0.219952 0.0324519 0.0649038
44 0.207332 0.482572 0.0300481 0.0420673
44 0.221755 0.73137 0.0396635 0.0588942
44 0.283053 0.346154 0.0901442 0.0865385
44 0.277043 0.165865 0.0637019 0.0480769
44 0.277644 0.631611 0.0360577 0.0564904
44 0.439904 0.250601 0.125 0.135817
44 0.407452 0.503606 0.0456731 0.0504808
44 0.476562 0.467548 0.0540865 0.103365
44 0.522837 0.822716 0.108173 0.13101
44 0.665865 0.109976 0.0721154 0.0516827
44 0.745192 0.015625 0.0625 0.03125
44 0.849159 0.78125 0.0588942 0.0432692
44 0.921875 0.210337 0.15625 0.132212
44 0.935697 0.380409 0.126202 0.126202
