62 0.0330529 0.326923 0.0661058 0.177885
62 0.0492788 0.667668 0.0985577 0.248798
62 0.127404 0.81851 0.254808 0.362981
62 0.141827 0.479567 0.283654 0.338942
62 0.151442 0.19351 0.168269 0.300481
62 0.173678 0.650841 0.135817 0.195913
62 0.257212 0.106971 0.110577 0.213942
62 0.351562 0.722957 0.280048 0.417067
62 0.350962 0.328726 0.206731 0.344952
62 0.38101 0.135817 0.223558 0.271635
62 0.548678 0.501202 0.231971 0.338942
62 0.603966 0.834135 0.280048 0.240385
62 0.591346 0.180889 0.240385 0.299279
62 0.627404 0.398438 0.134615 0.215144
62 0.772236 0.608774 0.222356 0.366587
62 0.777644 0.41226 0.189904 0.165865
62 0.784255 0.307692 0.140625 0.153846
62 0.901442 0.226562 0.197115 0.236779
62 0.88762 0.400841 0.106971 0.191106
