67 0.133413 0.594351 0.122596 0.15024
67 0.132212 0.315505 0.0913462 0.116587
67 0.155048 0.445312 0.0841346 0.126202
67 0.222957 0.258413 0.0805288 0.0985577
67 0.230168 0.475361 0.0949519 0.143029
67 0.275841 0.0528846 0.0949519 0.0961538
67 0.310697 0.524038 0.102163 0.120192
67 0.32512 0.118389 0.0829327 0.0877404
67 0.380409 0.615986 0.106971 0.145433
67 0.379207 0.324519 0.0949519 0.0961538
67 0.470553 0.739183 0.114183 0.180288
67 0.511418 0.39363 0.0997596 0.0997596
67 0.546875 0.257212 0.0985577 0.134615
67 0.605168 0.591947 0.0853365 0.13101
67 0.604567 0.0733173 0.0793269 0.122596
67 0.61238 0.415865 0.0853365 0.115385
67 0.653846 0.337139 0.110577 0.13101
67 0.662861 0.782452 0.104567 0.151442
67 0.655048 0.114183 0.0504808 0.09375
67 0.682692 0.211538 0.0961538 0.0865385
67 0.708534 0.604567 0.0901442 0.122596
67 0.745192 0.405649 0.100962 0.114183
67 0.753606 0.76262 0.117788 0.164663
67 0.786058 0.107572 0.0961538 0.0901442
67 0.852163 0.25601 0.0985577 0.117788
67 0.862981 0.476562 0.120192 0.13101
67 0.892428 0.698918 0.121394 0.143029
