26 0.0757212 0.241587 0.151442 0.28125
26 0.0895433 0.094351 0.179087 0.183894
26 0.15024 0.783654 0.300481 0.375
26 0.171274 0.438702 0.342548 0.314904
26 0.209736 0.192909 0.13101 0.174279
26 0.285457 0.061899 0.263221 0.123798
26 0.295072 0.932091 0.205529 0.133413
26 0.303486 0.677885 0.121394 0.100962
26 0.467548 0.809495 0.338942 0.373798
26 0.526442 0.0769231 0.177885 0.149038
26 0.691106 0.868389 0.262019 0.260817
26 0.721154 0.252404 0.322115 0.283654
26 0.708534 0.0456731 0.248798 0.0913462
26 0.822115 0.598558 0.278846 0.341346
26 0.910457 0.123798 0.176683 0.247596
26 0.888822 0.936298 0.123798 0.108173
26 0.949519 0.347957 0.100962 0.195913
26 0.959135 0.875 0.0769231 0.201923
26 0.972356 0.682692 0.0552885 0.245192
