75 0.585938 0.924279 0.0949519 0.09375
75 0.539663 0.832332 0.483173 0.332933
75 0.377404 0.641827 0.0576923 0.0817308
75 0.382812 0.602163 0.0396635 0.0649038
75 0.405649 0.467548 0.0324519 0.0216346
75 0.414663 0.606971 0.0456731 0.0600962
75 0.419471 0.534255 0.00721154 0.0204327
75 0.45012 0.449519 0.0685096 0.0528846
75 0.432091 0.531851 0.0180288 0.0348558
75 0.45012 0.538462 0.0204327 0.0384615
75 0.471154 0.543269 0.0192308 0.0384615
75 0.513822 0.459135 0.0661058 0.0384615
75 0.496394 0.541466 0.0216346 0.0396635
75 0.79387 0.507212 0.0300481 0.0384615
