26 0.015625 0.739784 0.03125 0.0372596
26 0.0450721 0.70613 0.0516827 0.046875
26 0.061899 0.734375 0.0372596 0.0456731
26 0.100361 0.70012 0.0372596 0.0540865
26 0.120793 0.742788 0.0300481 0.0528846
26 0.153245 0.70613 0.0516827 0.0709135
26 0.171875 0.745192 0.0168269 0.0480769
26 0.201923 0.701322 0.0432692 0.0612981
26 0.212139 0.749399 0.0300481 0.0372596
26 0.533654 0.748197 0.0721154 0.0637019
26 0.570913 0.703726 0.0504808 0.046875
26 0.600361 0.749399 0.046875 0.046875
26 0.627404 0.711538 0.0576923 0.0528846
26 0.638221 0.754808 0.03125 0.0480769
26 0.664663 0.75 0.03125 0.0480769
26 0.678486 0.707933 0.0540865 0.0456731
26 0.697716 0.661659 0.0588942 0.0637019
26 0.721755 0.757212 0.0637019 0.0432692
26 0.744591 0.710337 0.0564904 0.0456731
26 0.764423 0.661058 0.0576923 0.0625
26 0.775841 0.754808 0.0661058 0.0480769
26 0.804688 0.715144 0.0372596 0.0408654
26 0.828125 0.671875 0.0552885 0.0504808
26 0.83774 0.755409 0.0504808 0.0588942
26 0.86899 0.722957 0.0504808 0.0372596
26 0.882212 0.667668 0.0528846 0.0661058
26 0.889423 0.757212 0.0480769 0.0432692
26 0.914062 0.715144 0.0396635 0.03125
26 0.9375 0.670673 0.0673077 0.0576923
26 0.947115 0.756611 0.0480769 0.046875
26 0.977764 0.711538 0.0420673 0.0625
26 0.991587 0.648438 0.0168269 0.0564904
