56 0.03125 0.618389 0.0625 0.0588942
56 0.0528846 0.659255 0.105769 0.0925481
56 0.0799279 0.705529 0.159856 0.112981
56 0.105168 0.566106 0.0853365 0.0456731
56 0.163462 0.601562 0.0721154 0.0733173
56 0.205529 0.637019 0.0985577 0.0913462
56 0.245192 0.561298 0.0769231 0.0697115
56 0.289663 0.501803 0.103365 0.046875
56 0.296274 0.582332 0.078125 0.078125
56 0.338341 0.531851 0.0949519 0.0588942
56 0.390625 0.507812 0.0985577 0.0540865
56 0.393029 0.564303 0.0985577 0.0757212
56 0.453726 0.536058 0.104567 0.0721154
56 0.46274 0.598558 0.112981 0.0625
56 0.527043 0.570913 0.0877404 0.0504808
56 0.536659 0.633413 0.0877404 0.0600962
56 0.574519 0.536659 0.0961538 0.0492788
56 0.584135 0.598558 0.0961538 0.0625
56 0.595553 0.665865 0.11899 0.0673077
56 0.634615 0.560096 0.0913462 0.0528846
56 0.645433 0.630409 0.103365 0.0637019
56 0.688101 0.594952 0.078125 0.0600962
