71 0.155048 0.427284 0.262019 0.114183
71 0.161058 0.429087 0.269231 0.127404
71 0.211538 0.349159 0.269231 0.0829327
71 0.215144 0.344351 0.271635 0.0877404
71 0.204928 0.290865 0.21274 0.0961538
71 0.210337 0.295673 0.21875 0.105769
71 0.696514 0.560697 0.176683 0.140625
71 0.727764 0.680889 0.18149 0.155048
71 0.728365 0.673678 0.182692 0.145433
71 0.853365 0.546274 0.177885 0.121394
71 0.859976 0.54387 0.176683 0.126202
71 0.887019 0.675481 0.192308 0.144231
71 0.893029 0.680288 0.194712 0.158654
