26 0.411659 0.977764 0.0588942 0.0372596
26 0.454327 0.977764 0.0528846 0.0372596
26 0.510216 0.877404 0.078125 0.0961538
26 0.508413 0.795072 0.0697115 0.0997596
26 0.501803 0.972356 0.0420673 0.0456731
26 0.552284 0.659856 0.0757212 0.0745192
26 0.548077 0.739183 0.0528846 0.0793269
26 0.560096 0.952524 0.0721154 0.0877404
26 0.59976 0.830529 0.0841346 0.108173
26 0.603966 0.445312 0.0588942 0.0829327
26 0.630409 0.707332 0.0637019 0.0829327
26 0.634615 0.891827 0.0721154 0.0913462
26 0.638822 0.963341 0.0612981 0.0661058
26 0.65024 0.558293 0.0504808 0.0829327
26 0.661659 0.284856 0.0588942 0.108173
26 0.66887 0.834135 0.0588942 0.125
26 0.686298 0.401442 0.0697115 0.0913462
26 0.695913 0.323918 0.0552885 0.0420673
26 0.699519 0.189904 0.0528846 0.0961538
26 0.710938 0.506611 0.0757212 0.0709135
26 0.723558 0.573918 0.0865385 0.0997596
26 0.716947 0.923077 0.0588942 0.0961538
26 0.73137 0.966947 0.0637019 0.0588942
26 0.737981 0.644832 0.0721154 0.0877404
26 0.745192 0.409255 0.0673077 0.0877404
26 0.763221 0.136418 0.0504808 0.0420673
26 0.766827 0.198918 0.0528846 0.0709135
26 0.77524 0.714543 0.0697115 0.0877404
26 0.778846 0.304087 0.0673077 0.0745192
26 0.780649 0.253005 0.0612981 0.0877404
26 0.790264 0.360577 0.046875 0.0625
26 0.797476 0.585938 0.0612981 0.104567
26 0.796274 0.980769 0.0444712 0.0288462
26 0.807091 0.479567 0.0612981 0.0745192
26 0.814303 0.0991587 0.0612981 0.0588942
26 0.817308 0.412861 0.0673077 0.0661058
26 0.831731 0.155048 0.0673077 0.0504808
26 0.821514 0.938101 0.0276442 0.0588942
26 0.846755 0.739183 0.078125 0.112981
26 0.84375 0.520433 0.0528846 0.0745192
26 0.847957 0.257812 0.0612981 0.0588942
26 0.85637 0.0600962 0.0588942 0.0625
26 0.85637 0.308894 0.0588942 0.0504808
26 0.871394 0.616587 0.0841346 0.141827
26 0.867188 0.354567 0.0612981 0.0745192
26 0.877404 0.111178 0.0673077 0.0877404
26 0.884615 0.426683 0.0673077 0.0745192
26 0.904447 0.219952 0.0637019 0.0793269
26 0.902644 0.145433 0.0504808 0.0456731
26 0.908053 0.485577 0.0612981 0.0961538
26 0.914663 0.0168269 0.0552885 0.0336538
26 0.93149 0.0649038 0.0504808 0.0961538
26 0.945913 0.324519 0.0697115 0.0961538
26 0.96274 0.177885 0.0504808 0.0961538
26 0.978365 0.0727163 0.0384615 0.0877404
