26 0.0540865 0.40024 0.108173 0.112981
26 0.0612981 0.820312 0.122596 0.236779
26 0.0847356 0.28726 0.145433 0.122596
26 0.0817308 0.189904 0.0817308 0.0721154
26 0.185096 0.68149 0.235577 0.223558
26 0.200721 0.924279 0.170673 0.141827
26 0.182692 0.144832 0.0913462 0.106971
26 0.308293 0.313702 0.270433 0.247596
26 0.296875 0.171875 0.151442 0.112981
26 0.329327 0.0919471 0.158654 0.0925481
26 0.394832 0.771034 0.251202 0.253606
26 0.405048 0.558894 0.194712 0.189904
26 0.435697 0.402043 0.102163 0.126202
26 0.417668 0.0432692 0.0516827 0.0817308
26 0.45613 0.13762 0.109375 0.111779
26 0.539062 0.913462 0.260817 0.173077
26 0.567308 0.478966 0.240385 0.231971
26 0.627404 0.721154 0.254808 0.254808
26 0.567308 0.0252404 0.0865385 0.0264423
26 0.621394 0.133413 0.170673 0.151442
26 0.639423 0.0228365 0.0528846 0.0456731
26 0.719952 0.0414663 0.117788 0.0829327
26 0.793269 0.896034 0.264423 0.205529
26 0.762019 0.102764 0.134615 0.133413
26 0.816707 0.530649 0.215144 0.219952
26 0.834135 0.721755 0.173077 0.179087
26 0.852764 0.209135 0.128606 0.129808
26 0.897837 0.133413 0.117788 0.112981
26 0.941106 0.368389 0.117788 0.174279
26 0.94351 0.865986 0.112981 0.236779
26 0.955529 0.658053 0.0889423 0.191106
26 0.953726 0.502404 0.0564904 0.0673077
