18 0.246995 0.573317 0.49399 0.507212
18 0.170673 0.215144 0.341346 0.290865
18 0.176683 0.0480769 0.353365 0.0961538
18 0.519231 0.0829327 0.355769 0.165865
18 0.578726 0.317909 0.450721 0.33774
18 0.754207 0.682091 0.489183 0.47476
18 0.863582 0.111178 0.270433 0.222356
18 0.903245 0.35637 0.191106 0.328125
18 0.246995 0.573317 0.49399 0.507212
18 0.170673 0.215144 0.341346 0.290865
18 0.176683 0.0480769 0.353365 0.0961538
18 0.519231 0.0829327 0.355769 0.165865
18 0.578726 0.317909 0.450721 0.33774
18 0.754207 0.682091 0.489183 0.47476
18 0.863582 0.111178 0.270433 0.222356
18 0.903245 0.35637 0.191106 0.328125
18 0.246995 0.573317 0.49399 0.507212
18 0.170673 0.215144 0.341346 0.290865
18 0.176683 0.0480769 0.353365 0.0961538
18 0.519231 0.0829327 0.355769 0.165865
18 0.578726 0.317909 0.450721 0.33774
18 0.754207 0.682091 0.489183 0.47476
18 0.863582 0.111178 0.270433 0.222356
18 0.903245 0.35637 0.191106 0.328125
