26 0.0979567 0.675481 0.0757212 0.0769231
26 0.0973558 0.977764 0.0600962 0.0420673
26 0.285457 0.576322 0.195913 0.176683
26 0.235577 0.984976 0.0528846 0.0276442
26 0.4375 0.598558 0.158654 0.168269
26 0.41887 0.878005 0.0540865 0.0540865
26 0.438702 0.995192 0.0408654 0.00961538
26 0.442909 0.935697 0.0540865 0.0588942
26 0.463942 0.968149 0.0576923 0.0228365
26 0.574519 0.66226 0.163462 0.127404
26 0.792668 0.65625 0.0805288 0.110577
26 0.859976 0.664062 0.104567 0.121394
26 0.887019 0.934495 0.100962 0.114183
26 0.957332 0.921274 0.0829327 0.116587
