18 0.132212 0.607572 0.245192 0.239183
18 0.123798 0.370192 0.223558 0.206731
18 0.28726 0.197115 0.209135 0.201923
18 0.440505 0.858774 0.25601 0.265625
18 0.548678 0.094351 0.19351 0.188702
18 0.704327 0.757812 0.240385 0.241587
18 0.808894 0.271635 0.209135 0.197115
18 0.856971 0.49399 0.223558 0.213942
18 0.132212 0.607572 0.245192 0.239183
18 0.123798 0.370192 0.223558 0.206731
18 0.28726 0.197115 0.209135 0.201923
18 0.440505 0.858774 0.25601 0.265625
18 0.548678 0.094351 0.19351 0.188702
18 0.704327 0.757812 0.240385 0.241587
18 0.808894 0.271635 0.209135 0.197115
18 0.856971 0.49399 0.223558 0.213942
18 0.132212 0.607572 0.245192 0.239183
18 0.123798 0.370192 0.223558 0.206731
18 0.28726 0.197115 0.209135 0.201923
18 0.440505 0.858774 0.25601 0.265625
18 0.548678 0.094351 0.19351 0.188702
18 0.704327 0.757812 0.240385 0.241587
18 0.808894 0.271635 0.209135 0.197115
18 0.856971 0.49399 0.223558 0.213942
