26 0.0240385 0.969952 0.0480769 0.0600962
26 0.03125 0.0853365 0.0625 0.15625
26 0.0576923 0.352764 0.115385 0.200721
26 0.0949519 0.817308 0.189904 0.355769
26 0.0685096 0.0655048 0.132212 0.13101
26 0.0528846 0.214543 0.0961538 0.106971
26 0.0733173 0.582933 0.137019 0.199519
26 0.113582 0.525841 0.13101 0.186298
26 0.0907452 0.159255 0.0757212 0.111779
26 0.164062 0.269832 0.116587 0.231971
26 0.145433 0.0270433 0.0504808 0.0540865
26 0.180288 0.962139 0.105769 0.0733173
26 0.208534 0.107572 0.157452 0.123798
26 0.242188 0.676082 0.191106 0.260817
26 0.266827 0.875 0.153846 0.211538
26 0.260817 0.0528846 0.0985577 0.105769
26 0.287861 0.264423 0.152644 0.201923
26 0.296875 0.98137 0.103365 0.0348558
26 0.365385 0.665865 0.134615 0.283654
26 0.35637 0.11899 0.078125 0.146635
26 0.377404 0.314904 0.105769 0.230769
26 0.389423 0.0282452 0.120192 0.0564904
26 0.430889 0.476562 0.164663 0.236779
26 0.435096 0.884014 0.168269 0.229567
26 0.442308 0.267428 0.0913462 0.198317
26 0.440505 0.111178 0.078125 0.126202
26 0.472957 0.975962 0.11899 0.0480769
26 0.485577 0.630409 0.0721154 0.19351
26 0.471154 0.0955529 0.0384615 0.0949519
26 0.544471 0.0528846 0.127404 0.105769
26 0.560096 0.248197 0.149038 0.251202
26 0.506611 0.370793 0.0372596 0.0492788
26 0.5625 0.879207 0.149038 0.239183
26 0.533053 0.465144 0.0661058 0.137019
26 0.614183 0.616587 0.175481 0.199519
26 0.613582 0.475361 0.155048 0.18149
26 0.648438 0.941106 0.157452 0.117788
26 0.635817 0.359976 0.103365 0.114183
26 0.626803 0.136418 0.0805288 0.109375
26 0.683293 0.245793 0.116587 0.169471
26 0.711538 0.0715144 0.144231 0.143029
26 0.710337 0.670072 0.0697115 0.138221
26 0.73137 0.183293 0.0877404 0.0588942
26 0.760216 0.581731 0.13101 0.206731
26 0.775841 0.34375 0.16226 0.225962
26 0.79387 0.912861 0.15024 0.171875
26 0.817909 0.111779 0.0829327 0.175481
26 0.867788 0.676683 0.168269 0.213942
26 0.819712 0.0366587 0.0625 0.0733173
26 0.882812 0.513221 0.126202 0.165865
26 0.951322 0.983774 0.0949519 0.0300481
26 0.961538 0.746394 0.0721154 0.199519
26 0.962139 0.888822 0.0733173 0.16226
26 0.978365 0.49399 0.0432692 0.257212
