57 0.106971 0.766226 0.103365 0.16226
57 0.0847356 0.565505 0.0348558 0.0540865
57 0.146034 0.661659 0.0901442 0.140625
57 0.192909 0.277644 0.0348558 0.0504808
57 0.260216 0.260216 0.0733173 0.106971
57 0.395433 0.179087 0.103365 0.141827
57 0.430288 0.0612981 0.0865385 0.122596
57 0.494591 0.47476 0.138221 0.194712
57 0.473558 0.701923 0.0769231 0.134615
57 0.533053 0.0889423 0.0564904 0.134615
57 0.646635 0.626803 0.0769231 0.128606
57 0.905048 0.448918 0.0456731 0.114183
57 0.949519 0.212139 0.100962 0.15024
