58 0.0108173 0.597356 0.0216346 0.223558
58 0.0132212 0.194111 0.0264423 0.22476
58 0.0949519 0.407452 0.103365 0.262019
58 0.0973558 0.810096 0.0985577 0.278846
58 0.113582 0.0697115 0.0877404 0.139423
58 0.225361 0.604567 0.0949519 0.266827
58 0.23137 0.204327 0.102163 0.269231
58 0.357572 0.817909 0.109375 0.260817
58 0.358173 0.404447 0.100962 0.27524
58 0.36899 0.0655048 0.0841346 0.13101
58 0.496394 0.199519 0.108173 0.264423
58 0.496394 0.610577 0.103365 0.269231
58 0.629207 0.403245 0.104567 0.258413
58 0.63101 0.810096 0.103365 0.264423
58 0.63762 0.0612981 0.0877404 0.122596
58 0.764423 0.199519 0.100962 0.264423
58 0.766827 0.59976 0.105769 0.266827
58 0.902644 0.397837 0.112981 0.262019
58 0.902644 0.813702 0.0985577 0.266827
58 0.90024 0.0612981 0.0889423 0.122596
