18 0.0384615 0.284255 0.0769231 0.203125
18 0.0564904 0.0324519 0.112981 0.0649038
18 0.0661058 0.897236 0.132212 0.203125
18 0.169471 0.445913 0.338942 0.483173
18 0.265625 0.125 0.266827 0.25
18 0.405048 0.892428 0.334135 0.21274
18 0.463942 0.57512 0.384615 0.539663
18 0.553486 0.198918 0.308894 0.397837
18 0.834135 0.149038 0.326923 0.298077
18 0.793269 0.961538 0.225962 0.0769231
18 0.841947 0.604567 0.313702 0.637019
18 0.0384615 0.284255 0.0769231 0.203125
18 0.0564904 0.0324519 0.112981 0.0649038
18 0.0661058 0.897236 0.132212 0.203125
18 0.169471 0.445913 0.338942 0.483173
18 0.265625 0.125 0.266827 0.25
18 0.405048 0.892428 0.334135 0.21274
18 0.463942 0.57512 0.384615 0.539663
18 0.553486 0.198918 0.308894 0.397837
18 0.834135 0.149038 0.326923 0.298077
18 0.793269 0.961538 0.225962 0.0769231
18 0.841947 0.604567 0.313702 0.637019
18 0.0384615 0.284255 0.0769231 0.203125
18 0.0564904 0.0324519 0.112981 0.0649038
18 0.0661058 0.897236 0.132212 0.203125
18 0.169471 0.445913 0.338942 0.483173
18 0.265625 0.125 0.266827 0.25
18 0.405048 0.892428 0.334135 0.21274
18 0.463942 0.57512 0.384615 0.539663
18 0.553486 0.198918 0.308894 0.397837
18 0.834135 0.149038 0.326923 0.298077
18 0.793269 0.961538 0.225962 0.0769231
18 0.841947 0.604567 0.313702 0.637019
