14 0.679688 0.926082 0.234375 0.13101
14 0.0282452 0.666466 0.0564904 0.231971
14 0.0300481 0.304087 0.0600962 0.132212
14 0.03125 0.961538 0.0625 0.0721154
14 0.179087 0.671875 0.242788 0.213942
14 0.182091 0.228365 0.248798 0.283654
14 0.18149 0.935096 0.242788 0.125
14 0.423678 0.212139 0.241587 0.304087
14 0.424279 0.667067 0.242788 0.228365
14 0.432692 0.985577 0.240385 0.0240385
14 0.676082 0.218149 0.241587 0.292067
14 0.678486 0.619591 0.246394 0.320913
14 0.895433 0.226562 0.209135 0.27524
14 0.894832 0.955529 0.207933 0.0889423
14 0.899639 0.619591 0.198317 0.320913
