44 0.00600962 0.988582 0.0120192 0.0204327
44 0.0198317 0.982572 0.015625 0.0228365
44 0.10637 0.484976 0.0733173 0.0661058
44 0.109976 0.903245 0.0132212 0.0228365
44 0.111779 0.976562 0.0120192 0.0204327
44 0.170673 0.405649 0.0144231 0.0180288
44 0.174279 0.391226 0.0168269 0.0180288
44 0.1875 0.727764 0.0144231 0.0180288
44 0.25601 0.429087 0.0889423 0.151442
44 0.256611 0.795673 0.0180288 0.0144231
44 0.285457 0.629808 0.0420673 0.0432692
44 0.280048 0.660457 0.0120192 0.0132212
44 0.29988 0.773438 0.0132212 0.0180288
44 0.323317 0.359976 0.0504808 0.0420673
44 0.30649 0.788462 0.0120192 0.0144231
44 0.316707 0.632212 0.0132212 0.0144231
44 0.320312 0.968149 0.015625 0.0228365
44 0.36238 0.419471 0.0516827 0.03125
44 0.408654 0.577524 0.0913462 0.111779
44 0.417067 0.36899 0.0168269 0.0120192
44 0.421875 0.391827 0.0120192 0.0192308
44 0.423678 0.408053 0.0108173 0.0180288
44 0.439303 0.396034 0.0132212 0.00841346
44 0.469351 0.34976 0.0733173 0.103365
44 0.48738 0.436899 0.0132212 0.0228365
44 0.487981 0.533053 0.0144231 0.0228365
44 0.494591 0.480168 0.0132212 0.0228365
44 0.532452 0.890024 0.0745192 0.0829327
44 0.505409 0.525841 0.015625 0.0228365
44 0.509014 0.546274 0.0180288 0.015625
44 0.513221 0.409255 0.0120192 0.015625
44 0.526442 0.408053 0.0144231 0.0180288
44 0.548678 0.74399 0.0588942 0.0697115
44 0.53125 0.442308 0.0144231 0.0192308
44 0.532452 0.521635 0.0168269 0.0192308
44 0.652043 0.598558 0.121394 0.110577
44 0.602764 0.548077 0.0132212 0.0192308
44 0.608774 0.529447 0.015625 0.0204327
44 0.616587 0.499399 0.0120192 0.0180288
44 0.621995 0.471755 0.0180288 0.0204327
44 0.625 0.512019 0.0144231 0.0240385
44 0.66887 0.442308 0.015625 0.0240385
44 0.677885 0.402043 0.0144231 0.0204327
44 0.73738 0.874399 0.0132212 0.0180288
44 0.737981 0.54988 0.0144231 0.0180288
44 0.79988 0.261418 0.138221 0.104567
44 0.763822 0.195312 0.0372596 0.0637019
44 0.769832 0.648438 0.0492788 0.0805288
44 0.774639 0.722957 0.0540865 0.046875
44 0.76262 0.521034 0.015625 0.0276442
44 0.766827 0.593149 0.0144231 0.0276442
44 0.786058 0.591346 0.0192308 0.0240385
44 0.809495 0.680889 0.0564904 0.0829327
44 0.796875 0.613582 0.0168269 0.0204327
44 0.88101 0.418269 0.0120192 0.0192308
44 0.884615 0.395433 0.0144231 0.0120192
44 0.888822 0.418269 0.00841346 0.0192308
44 0.900841 0.367788 0.0132212 0.0144231
44 0.900841 0.391226 0.0132212 0.0180288
44 0.933894 0.308894 0.0793269 0.0745192
44 0.923077 0.358774 0.0144231 0.015625
44 0.962139 0.927885 0.0540865 0.0721154
44 0.968149 0.507212 0.0132212 0.0144231
44 0.989784 0.892428 0.0132212 0.0204327
44 0.992788 0.475962 0.00961538 0.0240385
44 0.994591 0.932692 0.00841346 0.0240385
