31 0.102163 0.797476 0.204327 0.311298
31 0.158053 0.390024 0.200721 0.251202
31 0.159856 0.112981 0.185096 0.225962
31 0.251202 0.686899 0.180288 0.268029
31 0.342548 0.0961538 0.137019 0.144231
31 0.340745 0.247596 0.0709135 0.177885
31 0.391226 0.349159 0.143029 0.155048
31 0.426683 0.793269 0.180288 0.211538
31 0.421274 0.457332 0.121394 0.155048
31 0.472957 0.969952 0.219952 0.0600962
31 0.4375 0.120793 0.105769 0.164663
31 0.486779 0.0426683 0.127404 0.0853365
31 0.469351 0.638221 0.0877404 0.228365
31 0.507212 0.35637 0.105769 0.164663
31 0.509615 0.225962 0.110577 0.139423
31 0.525841 0.0991587 0.11899 0.111779
31 0.494591 0.093149 0.0564904 0.0709135
31 0.545673 0.620793 0.0913462 0.251202
31 0.566707 0.855769 0.104567 0.221154
31 0.620192 0.449519 0.192308 0.173077
31 0.620793 0.361779 0.0925481 0.108173
31 0.644231 0.16887 0.110577 0.164663
31 0.705529 0.610577 0.223558 0.221154
31 0.718149 0.926683 0.152644 0.146635
31 0.686298 0.292668 0.0697115 0.123798
31 0.760817 0.472356 0.146635 0.15625
31 0.742788 0.316707 0.0865385 0.167067
31 0.751202 0.0396635 0.0841346 0.0793269
31 0.778846 0.198317 0.105769 0.252404
31 0.827524 0.405048 0.188702 0.180288
31 0.83113 0.730769 0.152644 0.197115
31 0.801082 0.10637 0.0588942 0.0685096
31 0.882212 0.236779 0.115385 0.117788
31 0.899639 0.697115 0.0925481 0.139423
31 0.930288 0.91226 0.134615 0.170673
31 0.93149 0.409255 0.0697115 0.155048
31 0.964543 0.595553 0.0685096 0.123798
31 0.965745 0.26262 0.0661058 0.116587
31 0.969952 0.725962 0.0600962 0.197115
31 0.971154 0.476562 0.0576923 0.13101
