26 0.382212 0.345553 0.0913462 0.109375
26 0.0432692 0.686298 0.0865385 0.228365
26 0.0883413 0.880409 0.16226 0.236779
26 0.167067 0.677885 0.161058 0.293269
26 0.236779 0.891827 0.146635 0.216346
26 0.320913 0.680889 0.161058 0.246394
26 0.394231 0.90024 0.139423 0.199519
26 0.457933 0.69351 0.127404 0.252404
26 0.540865 0.893029 0.149038 0.213942
26 0.60637 0.682692 0.15024 0.240385
26 0.686298 0.875 0.127404 0.25
26 0.736178 0.652043 0.106971 0.231971
26 0.804087 0.878005 0.132212 0.231971
26 0.861779 0.662861 0.141827 0.239183
26 0.933293 0.869591 0.102163 0.253606
26 0.964543 0.660457 0.0685096 0.229567
