18 0.0859375 0.552284 0.152644 0.219952
18 0.0865385 0.852764 0.144231 0.176683
18 0.093149 0.113582 0.128606 0.159856
18 0.102764 0.319111 0.147837 0.18149
18 0.23738 0.921875 0.109375 0.132212
18 0.265024 0.108173 0.145433 0.163462
18 0.265024 0.721755 0.126202 0.15024
18 0.278245 0.526442 0.143029 0.206731
18 0.296274 0.296274 0.169471 0.19351
18 0.390625 0.914062 0.132212 0.164663
18 0.423077 0.104567 0.158654 0.170673
18 0.462139 0.311899 0.15024 0.195913
18 0.471755 0.683894 0.169471 0.199519
18 0.616587 0.118389 0.165865 0.174279
18 0.609976 0.539663 0.147837 0.204327
18 0.643029 0.324519 0.165865 0.182692
18 0.667067 0.841346 0.185096 0.182692
18 0.847356 0.370793 0.170673 0.203125
18 0.877404 0.819111 0.1875 0.167067
18 0.875601 0.138221 0.145433 0.199519
18 0.90024 0.610577 0.180288 0.192308
18 0.0859375 0.552284 0.152644 0.219952
18 0.0865385 0.852764 0.144231 0.176683
18 0.093149 0.113582 0.128606 0.159856
18 0.102764 0.319111 0.147837 0.18149
18 0.23738 0.921875 0.109375 0.132212
18 0.265024 0.108173 0.145433 0.163462
18 0.265024 0.721755 0.126202 0.15024
18 0.278245 0.526442 0.143029 0.206731
18 0.296274 0.296274 0.169471 0.19351
18 0.390625 0.914062 0.132212 0.164663
18 0.423077 0.104567 0.158654 0.170673
18 0.462139 0.311899 0.15024 0.195913
18 0.471755 0.683894 0.169471 0.199519
18 0.616587 0.118389 0.165865 0.174279
18 0.609976 0.539663 0.147837 0.204327
18 0.643029 0.324519 0.165865 0.182692
18 0.667067 0.841346 0.185096 0.182692
18 0.847356 0.370793 0.170673 0.203125
18 0.877404 0.819111 0.1875 0.167067
18 0.875601 0.138221 0.145433 0.199519
18 0.90024 0.610577 0.180288 0.192308
18 0.0859375 0.552284 0.152644 0.219952
18 0.0865385 0.852764 0.144231 0.176683
18 0.093149 0.113582 0.128606 0.159856
18 0.102764 0.319111 0.147837 0.18149
18 0.23738 0.921875 0.109375 0.132212
18 0.265024 0.108173 0.145433 0.163462
18 0.265024 0.721755 0.126202 0.15024
18 0.278245 0.526442 0.143029 0.206731
18 0.296274 0.296274 0.169471 0.19351
18 0.390625 0.914062 0.132212 0.164663
18 0.423077 0.104567 0.158654 0.170673
18 0.462139 0.311899 0.15024 0.195913
18 0.471755 0.683894 0.169471 0.199519
18 0.616587 0.118389 0.165865 0.174279
18 0.609976 0.539663 0.147837 0.204327
18 0.643029 0.324519 0.165865 0.182692
18 0.667067 0.841346 0.185096 0.182692
18 0.847356 0.370793 0.170673 0.203125
18 0.877404 0.819111 0.1875 0.167067
18 0.875601 0.138221 0.145433 0.199519
18 0.90024 0.610577 0.180288 0.192308
