44 0.17488 0.606971 0.0612981 0.108173
44 0.0186298 0.551683 0.0372596 0.0745192
44 0.0204327 0.592548 0.0408654 0.103365
44 0.0276442 0.654447 0.0360577 0.0685096
44 0.0955529 0.602163 0.0372596 0.0600962
44 0.124399 0.644231 0.0372596 0.0721154
44 0.158654 0.530649 0.0240385 0.046875
44 0.210938 0.674279 0.0324519 0.0456731
44 0.228365 0.4375 0.0336538 0.0288462
44 0.248798 0.492188 0.0120192 0.0324519
44 0.291466 0.503606 0.0396635 0.0841346
44 0.311899 0.559495 0.0276442 0.0564904
44 0.323918 0.516827 0.0228365 0.0384615
44 0.347957 0.504207 0.0228365 0.0420673
44 0.361779 0.260817 0.0216346 0.0360577
44 0.394231 0.544471 0.0192308 0.0456731
44 0.407452 0.596755 0.0264423 0.0492788
44 0.412861 0.52524 0.0372596 0.0841346
44 0.413462 0.474159 0.0336538 0.0685096
44 0.42488 0.626803 0.0324519 0.0757212
44 0.429688 0.555889 0.0228365 0.0396635
44 0.448317 0.384615 0.0408654 0.0673077
44 0.482572 0.566707 0.0228365 0.0516827
44 0.51262 0.438702 0.0252404 0.0600962
44 0.55649 0.597957 0.03125 0.0661058
44 0.590144 0.363582 0.0264423 0.0492788
44 0.646034 0.55649 0.128606 0.127404
44 0.600962 0.46875 0.0192308 0.0288462
44 0.721755 0.573317 0.015625 0.0264423
44 0.737981 0.621394 0.0192308 0.0360577
44 0.738582 0.603365 0.0252404 0.0432692
44 0.786058 0.608774 0.0240385 0.0396635
44 0.79387 0.439904 0.015625 0.0432692
44 0.815505 0.605769 0.0108173 0.0384615
44 0.832933 0.607572 0.0168269 0.0324519
44 0.887019 0.595553 0.0240385 0.0420673
