26 0.375 0.745793 0.0288462 0.0444712
26 0.382212 0.402644 0.0240385 0.0408654
26 0.399038 0.379808 0.0192308 0.0384615
26 0.421274 0.415264 0.0252404 0.0324519
26 0.449519 0.432692 0.0192308 0.0288462
26 0.463341 0.834135 0.0276442 0.0288462
26 0.461538 0.918269 0.0192308 0.0576923
26 0.475962 0.346755 0.00961538 0.0348558
26 0.489183 0.440505 0.0216346 0.0444712
26 0.533654 0.751803 0.0961538 0.171875
26 0.507212 0.335337 0.0336538 0.0456731
26 0.521635 0.473558 0.0144231 0.0240385
26 0.541466 0.442308 0.0348558 0.0384615
26 0.542067 0.507812 0.0264423 0.0348558
26 0.563702 0.195312 0.0408654 0.0637019
26 0.686899 0.709736 0.0949519 0.135817
26 0.734976 0.215745 0.0949519 0.143029
26 0.716346 0.578726 0.0288462 0.0564904
26 0.725361 0.542067 0.0228365 0.03125
26 0.760216 0.481971 0.0300481 0.0408654
26 0.762019 0.448317 0.0240385 0.03125
26 0.837139 0.625601 0.0252404 0.0348558
26 0.858774 0.233173 0.0300481 0.0528846
26 0.859375 0.459135 0.0216346 0.0432692
26 0.925481 0.904447 0.134615 0.169471
26 0.884014 0.586538 0.0372596 0.0384615
26 0.902043 0.606971 0.0204327 0.0360577
26 0.921274 0.228966 0.0300481 0.0540865
26 0.982572 0.801082 0.0276442 0.121394
26 0.993389 0.4375 0.0108173 0.0625
