28 0.120192 0.343149 0.0673077 0.152644
28 0.182692 0.751202 0.110577 0.189904
28 0.216947 0.600361 0.0877404 0.195913
28 0.283053 0.386418 0.0853365 0.16226
28 0.415865 0.454327 0.173077 0.4375
28 0.647837 0.804688 0.0456731 0.0853365
28 0.667668 0.603966 0.0420673 0.0829327
28 0.691106 0.417668 0.0600962 0.114183
28 0.741587 0.952524 0.0360577 0.0540865
28 0.757212 0.795673 0.0384615 0.0721154
28 0.76863 0.651442 0.0420673 0.0817308
28 0.784255 0.394231 0.0733173 0.129808
28 0.767428 0.927885 0.0204327 0.0480769
28 0.783053 0.572115 0.0516827 0.0817308
28 0.810697 0.784856 0.0396635 0.0600962
28 0.839543 0.335337 0.0588942 0.0985577
28 0.847356 0.487981 0.0504808 0.120192
28 0.875 0.390024 0.0625 0.121394
28 0.869591 0.549279 0.0372596 0.0456731
28 0.988582 0.286058 0.0204327 0.0721154
