25 0.510216 0.725361 0.251202 0.272837
25 0.188101 0.33113 0.217548 0.16226
25 0.209736 0.486178 0.231971 0.203125
25 0.254207 0.222356 0.195913 0.180288
25 0.332933 0.616587 0.228365 0.233173
25 0.396034 0.367788 0.215144 0.192308
25 0.412861 0.182091 0.195913 0.191106
25 0.49399 0.484976 0.233173 0.210337
25 0.563702 0.25 0.194712 0.192308
25 0.671875 0.329928 0.194712 0.159856
25 0.709135 0.66226 0.254808 0.228365
25 0.728966 0.467548 0.246394 0.194712
25 0.510216 0.725361 0.251202 0.272837
25 0.188101 0.33113 0.217548 0.16226
25 0.209736 0.486178 0.231971 0.203125
25 0.254207 0.222356 0.195913 0.180288
25 0.332933 0.616587 0.228365 0.233173
25 0.396034 0.367788 0.215144 0.192308
25 0.412861 0.182091 0.195913 0.191106
25 0.49399 0.484976 0.233173 0.210337
25 0.563702 0.25 0.194712 0.192308
25 0.671875 0.329928 0.194712 0.159856
25 0.709135 0.66226 0.254808 0.228365
25 0.728966 0.467548 0.246394 0.194712
