19 0.702524 0.749399 0.371394 0.498798
19 0.047476 0.713942 0.0709135 0.0961538
19 0.0673077 0.850962 0.0913462 0.177885
19 0.117188 0.967548 0.138221 0.0649038
19 0.0919471 0.686899 0.0540865 0.0516827
19 0.113582 0.616587 0.0685096 0.122596
19 0.140625 0.742188 0.0552885 0.0709135
19 0.191106 0.713942 0.0697115 0.0961538
19 0.210938 0.932692 0.0805288 0.115385
19 0.226562 0.577524 0.106971 0.145433
19 0.333534 0.780048 0.171875 0.295673
19 0.432692 0.540264 0.0913462 0.0901442
19 0.746394 0.26863 0.497596 0.479567
