18 0.0925481 0.554087 0.185096 0.507212
18 0.196514 0.197716 0.393029 0.361779
18 0.496995 0.580529 0.55649 0.516827
18 0.595553 0.149639 0.402644 0.299279
18 0.925481 0.261418 0.144231 0.383413
18 0.936298 0.626803 0.127404 0.330529
18 0.0925481 0.554087 0.185096 0.507212
18 0.196514 0.197716 0.393029 0.361779
18 0.496995 0.580529 0.55649 0.516827
18 0.595553 0.149639 0.402644 0.299279
18 0.925481 0.261418 0.144231 0.383413
18 0.936298 0.626803 0.127404 0.330529
18 0.0925481 0.554087 0.185096 0.507212
18 0.196514 0.197716 0.393029 0.361779
18 0.496995 0.580529 0.55649 0.516827
18 0.595553 0.149639 0.402644 0.299279
18 0.925481 0.261418 0.144231 0.383413
18 0.936298 0.626803 0.127404 0.330529
