18 0.255409 0.258413 0.106971 0.141827
18 0.264423 0.707933 0.0961538 0.127404
18 0.480168 0.69351 0.0901442 0.127404
18 0.49399 0.257212 0.0985577 0.134615
18 0.684495 0.66887 0.0901442 0.126202
18 0.717548 0.245192 0.0985577 0.134615
18 0.79988 0.611178 0.11899 0.0973558
18 0.841346 0.172476 0.120192 0.104567
18 0.255409 0.258413 0.106971 0.141827
18 0.264423 0.707933 0.0961538 0.127404
18 0.480168 0.69351 0.0901442 0.127404
18 0.49399 0.257212 0.0985577 0.134615
18 0.684495 0.66887 0.0901442 0.126202
18 0.717548 0.245192 0.0985577 0.134615
18 0.79988 0.611178 0.11899 0.0973558
18 0.841346 0.172476 0.120192 0.104567
18 0.255409 0.258413 0.106971 0.141827
18 0.264423 0.707933 0.0961538 0.127404
18 0.480168 0.69351 0.0901442 0.127404
18 0.49399 0.257212 0.0985577 0.134615
18 0.684495 0.66887 0.0901442 0.126202
18 0.717548 0.245192 0.0985577 0.134615
18 0.79988 0.611178 0.11899 0.0973558
18 0.841346 0.172476 0.120192 0.104567
