18 0.046875 0.81851 0.09375 0.338942
18 0.0805288 0.461538 0.161058 0.341346
18 0.0913462 0.145433 0.182692 0.262019
18 0.309495 0.807091 0.344952 0.383413
18 0.330529 0.441707 0.290865 0.320913
18 0.326322 0.125 0.234375 0.25
18 0.590144 0.129808 0.223558 0.259615
18 0.630409 0.456731 0.265625 0.346154
18 0.683894 0.826923 0.305288 0.341346
18 0.861779 0.150841 0.228365 0.277644
18 0.902043 0.475361 0.19351 0.292067
18 0.932692 0.805889 0.134615 0.385817
18 0.046875 0.81851 0.09375 0.338942
18 0.0805288 0.461538 0.161058 0.341346
18 0.0913462 0.145433 0.182692 0.262019
18 0.309495 0.807091 0.344952 0.383413
18 0.330529 0.441707 0.290865 0.320913
18 0.326322 0.125 0.234375 0.25
18 0.590144 0.129808 0.223558 0.259615
18 0.630409 0.456731 0.265625 0.346154
18 0.683894 0.826923 0.305288 0.341346
18 0.861779 0.150841 0.228365 0.277644
18 0.902043 0.475361 0.19351 0.292067
18 0.932692 0.805889 0.134615 0.385817
18 0.046875 0.81851 0.09375 0.338942
18 0.0805288 0.461538 0.161058 0.341346
18 0.0913462 0.145433 0.182692 0.262019
18 0.309495 0.807091 0.344952 0.383413
18 0.330529 0.441707 0.290865 0.320913
18 0.326322 0.125 0.234375 0.25
18 0.590144 0.129808 0.223558 0.259615
18 0.630409 0.456731 0.265625 0.346154
18 0.683894 0.826923 0.305288 0.341346
18 0.861779 0.150841 0.228365 0.277644
18 0.902043 0.475361 0.19351 0.292067
18 0.932692 0.805889 0.134615 0.385817
