5 0.0967548 0.867188 0.159856 0.219952
5 0.117788 0.614784 0.153846 0.195913
5 0.158654 0.384014 0.177885 0.191106
5 0.154447 0.130409 0.145433 0.140625
5 0.336538 0.871995 0.163462 0.219952
5 0.353365 0.596755 0.168269 0.183894
5 0.354567 0.115986 0.15625 0.155048
5 0.359375 0.351562 0.141827 0.164663
5 0.536058 0.105168 0.163462 0.147837
5 0.544471 0.326322 0.141827 0.171875
5 0.558894 0.609976 0.141827 0.186298
5 0.575721 0.876803 0.15625 0.186298
5 0.733774 0.107572 0.169471 0.16226
5 0.73137 0.315505 0.159856 0.164663
5 0.740385 0.602764 0.168269 0.191106
5 0.821514 0.870793 0.16226 0.183894
5 0.903846 0.332332 0.129808 0.159856
5 0.908654 0.113582 0.129808 0.179087
5 0.948918 0.608774 0.0997596 0.19351
5 0.96274 0.89363 0.0697115 0.205529
