32 0.194111 0.671274 0.186298 0.33774
32 0.30649 0.847957 0.199519 0.301683
32 0.377404 0.349159 0.177885 0.294471
32 0.387019 0.63101 0.192308 0.334135
32 0.466947 0.11238 0.155048 0.22476
32 0.51262 0.859976 0.21274 0.277644
32 0.515024 0.498197 0.179087 0.280048
32 0.583534 0.675481 0.167067 0.182692
32 0.600962 0.327524 0.1875 0.25601
32 0.669471 0.176683 0.165865 0.247596
32 0.67488 0.537861 0.157452 0.253606
32 0.751803 0.356971 0.133413 0.185096
32 0.734375 0.0829327 0.0649038 0.137019
32 0.842548 0.131611 0.161058 0.263221
