35 0.483173 0.778846 0.221154 0.177885
35 0.0276442 0.222356 0.0552885 0.127404
35 0.0889423 0.754808 0.177885 0.1875
35 0.117188 0.314303 0.234375 0.0997596
35 0.387019 0.808293 0.774038 0.38101
35 0.0835337 0.667668 0.123798 0.104567
35 0.114784 0.182091 0.123798 0.143029
35 0.183293 0.529447 0.145433 0.0877404
35 0.179087 0.417668 0.132212 0.0709135
35 0.259615 0.833534 0.283654 0.268029
35 0.259014 0.724159 0.16226 0.15024
35 0.272837 0.109375 0.151442 0.194712
35 0.280649 0.289663 0.0853365 0.0504808
35 0.334135 0.400841 0.168269 0.104567
35 0.516226 0.874399 0.508413 0.24399
35 0.522837 0.977163 0.507212 0.0456731
35 0.308293 0.550481 0.0829327 0.0528846
35 0.346154 0.23137 0.115385 0.0637019
35 0.361779 0.506611 0.108173 0.0564904
35 0.370793 0.271034 0.0829327 0.0564904
35 0.430889 0.0715144 0.183894 0.143029
35 0.405649 0.560096 0.104567 0.0721154
35 0.552284 0.23738 0.138221 0.0757212
35 0.632212 0.579327 0.293269 0.182692
35 0.638221 0.384615 0.295673 0.144231
35 0.644832 0.0378606 0.227163 0.0757212
35 0.628606 0.158053 0.165865 0.104567
35 0.715144 0.206731 0.175481 0.0961538
35 0.93149 0.167067 0.127404 0.0697115
35 0.947115 0.363582 0.105769 0.169471
35 0.947115 0.620793 0.105769 0.217548
35 0.947115 0.843149 0.105769 0.268029
35 0.952524 0.0895433 0.0925481 0.0877404
