25 0.192909 0.258413 0.111779 0.112981
25 0.274639 0.929087 0.179087 0.141827
25 0.286659 0.769832 0.169471 0.21274
25 0.280048 0.183894 0.0985577 0.112981
25 0.299279 0.29387 0.112981 0.135817
25 0.344351 0.131611 0.106971 0.143029
25 0.384615 0.335938 0.120192 0.167067
25 0.420072 0.702524 0.157452 0.21274
25 0.399639 0.0612981 0.102163 0.122596
25 0.447115 0.89363 0.182692 0.210337
25 0.411058 0.186899 0.105769 0.138221
25 0.466346 0.0901442 0.0913462 0.132212
25 0.489784 0.370793 0.11899 0.164663
25 0.506611 0.258413 0.11899 0.141827
25 0.536659 0.141226 0.116587 0.147837
25 0.561298 0.432692 0.132212 0.177885
25 0.609976 0.197115 0.114183 0.149038
25 0.688702 0.522236 0.180288 0.188702
25 0.672476 0.388221 0.133413 0.117788
25 0.688702 0.281851 0.132212 0.145433
25 0.725361 0.18149 0.128606 0.127404
25 0.802284 0.382812 0.152644 0.179087
25 0.816106 0.257212 0.146635 0.153846
25 0.192909 0.258413 0.111779 0.112981
25 0.274639 0.929087 0.179087 0.141827
25 0.286659 0.769832 0.169471 0.21274
25 0.280048 0.183894 0.0985577 0.112981
25 0.299279 0.29387 0.112981 0.135817
25 0.344351 0.131611 0.106971 0.143029
25 0.384615 0.335938 0.120192 0.167067
25 0.420072 0.702524 0.157452 0.21274
25 0.399639 0.0612981 0.102163 0.122596
25 0.447115 0.89363 0.182692 0.210337
25 0.411058 0.186899 0.105769 0.138221
25 0.466346 0.0901442 0.0913462 0.132212
25 0.489784 0.370793 0.11899 0.164663
25 0.506611 0.258413 0.11899 0.141827
25 0.536659 0.141226 0.116587 0.147837
25 0.561298 0.432692 0.132212 0.177885
25 0.609976 0.197115 0.114183 0.149038
25 0.688702 0.522236 0.180288 0.188702
25 0.672476 0.388221 0.133413 0.117788
25 0.688702 0.281851 0.132212 0.145433
25 0.725361 0.18149 0.128606 0.127404
25 0.802284 0.382812 0.152644 0.179087
25 0.816106 0.257212 0.146635 0.153846
