18 0.717548 0.608774 0.319712 0.241587
18 0.20012 0.0120192 0.0637019 0.0240385
18 0.194111 0.0450721 0.0372596 0.0276442
18 0.581731 0.0570913 0.0576923 0.0276442
18 0.582933 0.0252404 0.0600962 0.03125
18 0.890625 0.0576923 0.0504808 0.0240385
18 0.89363 0.030649 0.0564904 0.0276442
18 0.717548 0.608774 0.319712 0.241587
18 0.20012 0.0120192 0.0637019 0.0240385
18 0.194111 0.0450721 0.0372596 0.0276442
18 0.581731 0.0570913 0.0576923 0.0276442
18 0.582933 0.0252404 0.0600962 0.03125
18 0.890625 0.0576923 0.0504808 0.0240385
18 0.89363 0.030649 0.0564904 0.0276442
18 0.717548 0.608774 0.319712 0.241587
18 0.20012 0.0120192 0.0637019 0.0240385
18 0.194111 0.0450721 0.0372596 0.0276442
18 0.581731 0.0570913 0.0576923 0.0276442
18 0.582933 0.0252404 0.0600962 0.03125
18 0.890625 0.0576923 0.0504808 0.0240385
18 0.89363 0.030649 0.0564904 0.0276442
