18 0.813101 0.355168 0.25601 0.200721
18 0.0829327 0.783053 0.112981 0.292067
18 0.167067 0.483173 0.28125 0.254808
18 0.134014 0.0606971 0.195913 0.0733173
18 0.311899 0.827524 0.359375 0.289663
18 0.255409 0.234976 0.236779 0.200721
18 0.355769 0.0877404 0.225962 0.132212
18 0.44351 0.528846 0.286058 0.274038
18 0.545673 0.30649 0.259615 0.21875
18 0.600962 0.125 0.235577 0.177885
18 0.75601 0.90024 0.362981 0.146635
18 0.816707 0.633413 0.282452 0.290865
18 0.852163 0.161058 0.228365 0.192308
18 0.813101 0.355168 0.25601 0.200721
18 0.0829327 0.783053 0.112981 0.292067
18 0.167067 0.483173 0.28125 0.254808
18 0.134014 0.0606971 0.195913 0.0733173
18 0.311899 0.827524 0.359375 0.289663
18 0.255409 0.234976 0.236779 0.200721
18 0.355769 0.0877404 0.225962 0.132212
18 0.44351 0.528846 0.286058 0.274038
18 0.545673 0.30649 0.259615 0.21875
18 0.600962 0.125 0.235577 0.177885
18 0.75601 0.90024 0.362981 0.146635
18 0.816707 0.633413 0.282452 0.290865
18 0.852163 0.161058 0.228365 0.192308
18 0.813101 0.355168 0.25601 0.200721
18 0.0829327 0.783053 0.112981 0.292067
18 0.167067 0.483173 0.28125 0.254808
18 0.134014 0.0606971 0.195913 0.0733173
18 0.311899 0.827524 0.359375 0.289663
18 0.255409 0.234976 0.236779 0.200721
18 0.355769 0.0877404 0.225962 0.132212
18 0.44351 0.528846 0.286058 0.274038
18 0.545673 0.30649 0.259615 0.21875
18 0.600962 0.125 0.235577 0.177885
18 0.75601 0.90024 0.362981 0.146635
18 0.816707 0.633413 0.282452 0.290865
18 0.852163 0.161058 0.228365 0.192308
