56 0.88762 0.270433 0.111779 0.117788
56 0.608173 0.574519 0.0817308 0.168269
56 0.61899 0.476562 0.0793269 0.0829327
56 0.683894 0.176683 0.0985577 0.165865
56 0.696514 0.555288 0.0709135 0.139423
56 0.709736 0.472356 0.0973558 0.0985577
56 0.744591 0.598558 0.109375 0.153846
56 0.773438 0.251202 0.0853365 0.127404
56 0.765625 0.199519 0.0649038 0.115385
56 0.786058 0.51262 0.0673077 0.121394
56 0.829928 0.582933 0.0540865 0.15625
56 0.841947 0.205529 0.0588942 0.122596
56 0.868389 0.506611 0.0492788 0.128606
56 0.894231 0.61238 0.0528846 0.114183
56 0.903245 0.161659 0.0420673 0.102163
56 0.942308 0.677284 0.115385 0.143029
56 0.925481 0.559495 0.0528846 0.0949519
56 0.947716 0.239784 0.0685096 0.147837
56 0.979567 0.615385 0.0408654 0.153846
56 0.980168 0.212139 0.0372596 0.169471
