56 0.21274 0.550481 0.425481 0.668269
56 0.247596 0.153846 0.495192 0.307692
56 0.396034 0.335337 0.0901442 0.117788
56 0.432692 0.555288 0.139423 0.163462
56 0.448317 0.296274 0.0697115 0.0877404
56 0.466947 0.394832 0.0829327 0.116587
56 0.507812 0.519832 0.140625 0.15024
56 0.484375 0.186899 0.0841346 0.0757212
56 0.509014 0.258413 0.0901442 0.0985577
56 0.534255 0.346154 0.106971 0.110577
56 0.543269 0.149038 0.0865385 0.0769231
56 0.56851 0.472356 0.127404 0.146635
56 0.561899 0.233173 0.0901442 0.0961538
56 0.590745 0.299279 0.104567 0.103365
56 0.621394 0.422476 0.127404 0.0997596
56 0.614183 0.189904 0.0841346 0.0913462
56 0.688702 0.786058 0.189904 0.25
56 0.651442 0.255409 0.0913462 0.0925481
56 0.674279 0.366587 0.132212 0.117788
56 0.699519 0.213341 0.100962 0.0901442
56 0.776442 0.694111 0.216346 0.229567
56 0.739183 0.310697 0.141827 0.126202
56 0.791466 0.27524 0.13101 0.103365
56 0.84375 0.609976 0.1875 0.191106
56 0.90625 0.538462 0.182692 0.1875
56 0.945913 0.462139 0.108173 0.179087
56 0.980168 0.363582 0.0372596 0.0877404
