67 0.173077 0.813702 0.346154 0.367788
67 0.128606 0.213942 0.189904 0.322115
67 0.447716 0.344952 0.481971 0.387019
67 0.38762 0.346154 0.356971 0.403846
67 0.526442 0.296274 0.447115 0.33774
67 0.553486 0.778846 0.31851 0.442308
67 0.535457 0.0745192 0.24399 0.0673077
67 0.626803 0.251202 0.229567 0.237981
67 0.822716 0.853365 0.352163 0.293269
67 0.769231 0.0564904 0.201923 0.112981
67 0.834736 0.624399 0.270433 0.191106
67 0.871995 0.240385 0.253606 0.225962
67 0.876803 0.158053 0.24399 0.0805288
