26 0.0576923 0.61238 0.105769 0.0901442
26 0.0354567 0.305288 0.0564904 0.105769
26 0.0498798 0.50601 0.0709135 0.122596
26 0.0655048 0.159856 0.078125 0.108173
26 0.0991587 0.269832 0.0877404 0.121394
26 0.108774 0.427284 0.0733173 0.128606
26 0.102163 0.726562 0.0456731 0.116587
26 0.132212 0.560096 0.100962 0.125
26 0.133413 0.854567 0.0985577 0.15625
26 0.165264 0.178486 0.114183 0.159856
26 0.164663 0.367188 0.108173 0.11899
26 0.185697 0.501202 0.121394 0.15625
26 0.196514 0.716346 0.104567 0.168269
26 0.208534 0.266226 0.0949519 0.0709135
26 0.222957 0.109976 0.0901442 0.114183
26 0.244591 0.555288 0.109375 0.153846
26 0.236178 0.905649 0.0925481 0.0997596
26 0.269832 0.814303 0.126202 0.18149
26 0.254207 0.386418 0.0853365 0.104567
26 0.27524 0.215144 0.0841346 0.127404
26 0.31851 0.677284 0.108173 0.16226
26 0.298077 0.0721154 0.0528846 0.144231
26 0.342548 0.329327 0.09375 0.168269
26 0.333534 0.480168 0.0661058 0.0997596
26 0.359976 0.92488 0.11899 0.133413
26 0.376803 0.115385 0.114183 0.201923
26 0.378005 0.0907452 0.102163 0.16226
26 0.426683 0.525841 0.137019 0.16226
26 0.399639 0.282452 0.078125 0.141827
26 0.417067 0.634615 0.112981 0.0817308
26 0.441707 0.760817 0.0901442 0.189904
26 0.48738 0.149038 0.114183 0.158654
26 0.488582 0.913462 0.116587 0.168269
26 0.487981 0.286058 0.110577 0.173077
26 0.532452 0.0396635 0.103365 0.0793269
26 0.533053 0.602764 0.104567 0.167067
26 0.534856 0.0402644 0.0889423 0.0420673
26 0.604567 0.728365 0.15625 0.206731
26 0.596755 0.503005 0.126202 0.179087
26 0.638221 0.276442 0.132212 0.153846
26 0.649639 0.03125 0.126202 0.0625
26 0.671274 0.870793 0.15024 0.19351
26 0.705529 0.125601 0.132212 0.198317
26 0.716346 0.600962 0.134615 0.1875
26 0.733173 0.413462 0.139423 0.201923
26 0.778846 0.658053 0.173077 0.215144
26 0.837139 0.798678 0.183894 0.207933
26 0.82512 0.949519 0.15024 0.0961538
26 0.83774 0.233173 0.165865 0.221154
26 0.853966 0.523438 0.126202 0.215144
26 0.921274 0.0721154 0.13101 0.144231
26 0.94351 0.470553 0.112981 0.258413
26 0.944712 0.708534 0.105769 0.195913
26 0.95012 0.257812 0.0973558 0.207933
26 0.95012 0.897837 0.0973558 0.185096
