62 0.499399 0.546274 0.998798 0.231971
62 0.489784 0.688702 0.0276442 0.0408654
62 0.549279 0.689904 0.0216346 0.0480769
62 0.623798 0.739183 0.0216346 0.0504808
62 0.726562 0.75601 0.0252404 0.0552885
62 0.771635 0.774639 0.0384615 0.0588942
62 0.841947 0.774038 0.0348558 0.0336538
62 0.867788 0.798678 0.0336538 0.0252404
62 0.875 0.720553 0.0336538 0.0564904
62 0.88762 0.829327 0.0540865 0.0817308
62 0.911659 0.754808 0.0252404 0.0528846
62 0.925481 0.809495 0.0384615 0.0709135
62 0.983173 0.734976 0.0336538 0.0516827
62 0.986779 0.664062 0.0264423 0.0396635
62 0.989183 0.694712 0.0216346 0.0432692
