10 0.182692 0.109375 0.149038 0.21875
10 0.186298 0.102163 0.151442 0.204327
10 0.408654 0.662861 0.259615 0.417067
10 0.415264 0.657452 0.258413 0.411058
10 0.435697 0.132212 0.0925481 0.168269
10 0.435096 0.127404 0.0913462 0.168269
10 0.466346 0.283053 0.100962 0.147837
10 0.468149 0.278245 0.0997596 0.138221
10 0.609976 0.16887 0.0853365 0.15024
10 0.612981 0.167067 0.0865385 0.137019
10 0.638822 0.430889 0.123798 0.126202
10 0.642428 0.442308 0.111779 0.110577
10 0.930889 0.466947 0.0733173 0.111779
