26 0.0649038 0.200721 0.129808 0.401442
26 0.094351 0.624399 0.188702 0.43149
26 0.210938 0.0414663 0.248798 0.0829327
26 0.257212 0.290865 0.278846 0.427885
26 0.329327 0.915865 0.379808 0.168269
26 0.352163 0.629207 0.314904 0.36899
26 0.537861 0.363582 0.344952 0.491587
26 0.563702 0.0901442 0.334135 0.180288
26 0.660457 0.807692 0.335337 0.384615
26 0.8125 0.358173 0.283654 0.504808
26 0.860577 0.738582 0.197115 0.332933
26 0.895433 0.127404 0.204327 0.254808
26 0.93149 0.905048 0.132212 0.185096
26 0.963942 0.577524 0.0721154 0.486779
