19 0.164062 0.601562 0.13101 0.15024
19 0.129207 0.725361 0.0372596 0.0516827
19 0.129207 0.769231 0.0372596 0.0576923
19 0.129207 0.295072 0.0324519 0.0516827
19 0.171274 0.342548 0.116587 0.0985577
19 0.169471 0.233173 0.103365 0.110577
19 0.232572 0.716947 0.16226 0.140625
19 0.238582 0.302284 0.0348558 0.0420673
19 0.245192 0.335938 0.0384615 0.0516827
19 0.29988 0.602764 0.138221 0.138221
19 0.247596 0.266226 0.0288462 0.0372596
19 0.298678 0.236178 0.102163 0.106971
19 0.26863 0.353365 0.0324519 0.0288462
19 0.277043 0.292668 0.0348558 0.0372596
19 0.341346 0.315505 0.0961538 0.102163
19 0.324519 0.701322 0.0192308 0.046875
19 0.40024 0.70012 0.117788 0.13101
19 0.408053 0.240986 0.123798 0.116587
19 0.371995 0.713942 0.0180288 0.0673077
19 0.434495 0.58774 0.128606 0.161058
19 0.472957 0.328125 0.0997596 0.09375
19 0.50601 0.665865 0.0456731 0.0336538
19 0.54988 0.690505 0.138221 0.140625
19 0.560697 0.570312 0.145433 0.111779
19 0.567909 0.275841 0.116587 0.143029
19 0.53125 0.310697 0.0336538 0.0252404
19 0.546274 0.571514 0.0492788 0.0564904
19 0.54387 0.649038 0.0348558 0.0432692
19 0.544471 0.335938 0.0264423 0.0228365
19 0.685096 0.58113 0.120192 0.11899
19 0.685096 0.333534 0.105769 0.11899
19 0.696514 0.694111 0.114183 0.114183
19 0.690505 0.685697 0.0540865 0.0444712
19 0.715144 0.253606 0.0793269 0.103365
19 0.752404 0.692909 0.0528846 0.0925481
19 0.790865 0.327524 0.100962 0.102163
19 0.789062 0.583534 0.0829327 0.0757212
19 0.77524 0.614183 0.0264423 0.117788
19 0.829928 0.673678 0.116587 0.126202
19 0.88762 0.584135 0.116587 0.158654
19 0.926683 0.686298 0.0649038 0.108173
