73 0.825721 0.761418 0.15625 0.128606
73 0.307692 0.378606 0.201923 0.0745192
73 0.31851 0.277644 0.165865 0.03125
73 0.329327 0.475361 0.173077 0.123798
73 0.41887 0.538462 0.0685096 0.0625
73 0.416466 0.400841 0.0588942 0.0516827
73 0.420072 0.268029 0.0564904 0.0504808
73 0.469952 0.420673 0.0793269 0.0528846
73 0.474159 0.5625 0.0829327 0.0673077
73 0.468149 0.271635 0.0661058 0.0528846
73 0.521034 0.599159 0.0901442 0.0637019
73 0.52524 0.435697 0.0889423 0.0540865
73 0.520433 0.272837 0.0649038 0.0552885
73 0.596755 0.631611 0.106971 0.0853365
73 0.594351 0.448918 0.102163 0.0612981
73 0.583534 0.267428 0.0709135 0.0637019
73 0.666466 0.679087 0.116587 0.0985577
73 0.670072 0.472957 0.114183 0.0757212
73 0.672476 0.259615 0.11899 0.0769231
73 0.815505 0.501803 0.15024 0.104567
73 0.81851 0.253005 0.141827 0.0829327
