30 0.283053 0.911058 0.215144 0.158654
30 0.408654 0.411659 0.192308 0.179087
30 0.368389 0.256611 0.102163 0.157452
30 0.419471 0.471755 0.15625 0.19351
30 0.674279 0.656851 0.146635 0.179087
30 0.698317 0.296274 0.170673 0.222356
30 0.747596 0.612981 0.129808 0.182692
30 0.782452 0.248798 0.185096 0.146635
30 0.829928 0.421875 0.102163 0.170673
30 0.283053 0.911058 0.215144 0.158654
30 0.408654 0.411659 0.192308 0.179087
30 0.368389 0.256611 0.102163 0.157452
30 0.419471 0.471755 0.15625 0.19351
30 0.674279 0.656851 0.146635 0.179087
30 0.698317 0.296274 0.170673 0.222356
30 0.747596 0.612981 0.129808 0.182692
30 0.782452 0.248798 0.185096 0.146635
30 0.829928 0.421875 0.102163 0.170673
