18 0.125 0.176683 0.144231 0.194712
18 0.266226 0.259615 0.0564904 0.153846
18 0.36238 0.332332 0.0949519 0.102163
18 0.433293 0.343149 0.121394 0.128606
18 0.495192 0.335337 0.105769 0.141827
18 0.587139 0.336538 0.0877404 0.158654
18 0.700721 0.313101 0.0649038 0.111779
18 0.79387 0.394832 0.0492788 0.0637019
18 0.827524 0.414663 0.0396635 0.0552885
18 0.884014 0.399038 0.0805288 0.0961538
18 0.125 0.176683 0.144231 0.194712
18 0.266226 0.259615 0.0564904 0.153846
18 0.36238 0.332332 0.0949519 0.102163
18 0.433293 0.343149 0.121394 0.128606
18 0.495192 0.335337 0.105769 0.141827
18 0.587139 0.336538 0.0877404 0.158654
18 0.700721 0.313101 0.0649038 0.111779
18 0.79387 0.394832 0.0492788 0.0637019
18 0.827524 0.414663 0.0396635 0.0552885
18 0.884014 0.399038 0.0805288 0.0961538
18 0.125 0.176683 0.144231 0.194712
18 0.266226 0.259615 0.0564904 0.153846
18 0.36238 0.332332 0.0949519 0.102163
18 0.433293 0.343149 0.121394 0.128606
18 0.495192 0.335337 0.105769 0.141827
18 0.587139 0.336538 0.0877404 0.158654
18 0.700721 0.313101 0.0649038 0.111779
18 0.79387 0.394832 0.0492788 0.0637019
18 0.827524 0.414663 0.0396635 0.0552885
18 0.884014 0.399038 0.0805288 0.0961538
