14 0.466947 0.499399 0.905048 0.998798
14 0.520433 0.260817 0.0552885 0.0793269
14 0.525841 0.155048 0.0516827 0.0697115
14 0.535457 0.581731 0.0564904 0.0721154
14 0.542668 0.513221 0.046875 0.0697115
14 0.54387 0.634615 0.0492788 0.0721154
14 0.551082 0.242788 0.0588942 0.0721154
14 0.573918 0.667668 0.0564904 0.0661058
14 0.582332 0.268029 0.0637019 0.0600962
14 0.578726 0.103365 0.0420673 0.0721154
14 0.612981 0.0402644 0.0673077 0.0805288
14 0.644231 0.133413 0.0432692 0.09375
14 0.676082 0.58774 0.0685096 0.0889423
