62 0.015625 0.59976 0.03125 0.0552885
62 0.0240385 0.737981 0.0480769 0.0528846
62 0.149639 0.96875 0.140625 0.0625
62 0.470553 0.659255 0.772837 0.366587
62 0.211538 0.962139 0.0913462 0.0733173
62 0.250601 0.916466 0.121394 0.0829327
62 0.313702 0.891226 0.0552885 0.0420673
62 0.767428 0.968149 0.0877404 0.0612981
62 0.757212 0.914663 0.0432692 0.0552885
62 0.76863 0.895433 0.0612981 0.03125
62 0.95613 0.597957 0.0180288 0.0324519
62 0.97476 0.616587 0.03125 0.0408654
62 0.992788 0.626803 0.0144231 0.0372596
