20 0.344351 0.0510817 0.13101 0.0588942
20 0.351562 0.104567 0.0925481 0.0456731
20 0.379207 0.117788 0.138221 0.182692
20 0.365986 0.0192308 0.106971 0.0384615
20 0.483173 0.112981 0.201923 0.163462
20 0.465144 0.277043 0.137019 0.15024
20 0.588341 0.23137 0.330529 0.0925481
20 0.470553 0.116587 0.0564904 0.233173
20 0.489784 0.247596 0.0853365 0.0480769
20 0.596154 0.132812 0.216346 0.126202
20 0.547476 0.122596 0.114183 0.0721154
20 0.552885 0.0360577 0.0961538 0.0721154
20 0.555889 0.267428 0.0540865 0.0588942
20 0.646034 0.164663 0.133413 0.0793269
