26 0.120793 0.239784 0.0300481 0.0564904
26 0.123197 0.114784 0.0348558 0.0372596
26 0.201923 0.276442 0.0432692 0.0528846
26 0.251803 0.103966 0.0372596 0.0348558
26 0.260817 0.338341 0.0360577 0.0516827
26 0.285457 0.129207 0.046875 0.0372596
26 0.283053 0.0853365 0.0372596 0.0456731
26 0.297476 0.328726 0.046875 0.046875
26 0.311899 0.0685096 0.046875 0.0408654
26 0.336538 0.0228365 0.0384615 0.0360577
26 0.495192 0.206731 0.0673077 0.0480769
26 0.489784 0.61238 0.0372596 0.0564904
26 0.51863 0.574519 0.046875 0.0528846
26 0.597957 0.742788 0.0324519 0.0625
26 0.659856 0.865986 0.03125 0.0300481
26 0.685697 0.471154 0.0444712 0.0480769
26 0.698918 0.43149 0.046875 0.0408654
26 0.731971 0.307692 0.0456731 0.0528846
26 0.835337 0.908053 0.0360577 0.0516827
26 0.945913 0.948317 0.0456731 0.0456731
26 0.944712 0.805889 0.0384615 0.0492788
