79 0.552885 0.486779 0.894231 0.973558
79 0.242188 0.566707 0.344952 0.157452
79 0.27524 0.725361 0.348558 0.18149
79 0.228365 0.36899 0.163462 0.286058
79 0.316106 0.432091 0.276442 0.186298
79 0.373798 0.284255 0.213942 0.270433
79 0.413462 0.935697 0.192308 0.126202
79 0.522837 0.141827 0.391827 0.129808
79 0.527043 0.498798 0.332933 0.199519
79 0.618389 0.176082 0.352163 0.155048
79 0.558894 0.707332 0.146635 0.217548
79 0.692308 0.75 0.192308 0.197115
79 0.747596 0.329327 0.259615 0.235577
79 0.81851 0.527043 0.199519 0.328125
