21 0.496995 0.508413 0.739183 0.930288
21 0.349159 0.0114183 0.0348558 0.0228365
21 0.357572 0.0504808 0.0276442 0.0384615
21 0.417668 0.0114183 0.0420673 0.0228365
21 0.463942 0.0895433 0.0432692 0.0300481
21 0.518029 0.0300481 0.0649038 0.0600962
21 0.583534 0.978365 0.0564904 0.0432692
21 0.603365 0.0132212 0.0480769 0.0264423
21 0.683894 0.949519 0.0649038 0.0961538
21 0.691106 0.0817308 0.0504808 0.0528846
21 0.697716 0.0408654 0.0300481 0.0384615
21 0.728966 0.0420673 0.0348558 0.03125
21 0.852764 0.185096 0.0276442 0.0432692
