14 0.108173 0.587139 0.0192308 0.0252404
14 0.142428 0.548678 0.0204327 0.0252404
14 0.158654 0.149038 0.0192308 0.0192308
14 0.522236 0.479567 0.722356 0.757212
14 0.189904 0.488582 0.0192308 0.0252404
14 0.216346 0.170673 0.0192308 0.0240385
14 0.248197 0.186298 0.0204327 0.0216346
14 0.259615 0.180288 0.0144231 0.0192308
14 0.315505 0.0288462 0.015625 0.0144231
14 0.351562 0.117788 0.0252404 0.0240385
14 0.376803 0.158654 0.0180288 0.0192308
14 0.45012 0.824519 0.0252404 0.0240385
14 0.65625 0.844351 0.0192308 0.0204327
14 0.673077 0.848558 0.0192308 0.0240385
14 0.756611 0.827524 0.0228365 0.0204327
14 0.795673 0.853365 0.0240385 0.0288462
14 0.860577 0.331731 0.0192308 0.0144231
14 0.86899 0.635216 0.0216346 0.0204327
14 0.972356 0.0907452 0.0216346 0.0180288
14 0.983774 0.915865 0.0204327 0.0240385
