45 0.86238 0.503005 0.128606 0.102163
45 0.141226 0.560697 0.11899 0.126202
45 0.329928 0.67488 0.121394 0.133413
45 0.334736 0.603365 0.106971 0.0817308
45 0.357572 0.536659 0.109375 0.102163
45 0.45613 0.729567 0.138221 0.141827
45 0.448918 0.591947 0.109375 0.111779
45 0.633413 0.474159 0.103365 0.121394
45 0.694712 0.784856 0.134615 0.137019
45 0.659856 0.417668 0.0408654 0.0564904
45 0.728966 0.41226 0.102163 0.112981
45 0.73137 0.527644 0.106971 0.122596
45 0.754808 0.350361 0.0480769 0.0372596
45 0.780649 0.478966 0.0420673 0.0444712
45 0.824519 0.379207 0.120192 0.138221
45 0.881611 0.412861 0.0661058 0.0901442
