35 0.0835337 0.0649038 0.114183 0.0817308
35 0.297476 0.735577 0.53726 0.475962
35 0.155649 0.147236 0.253606 0.116587
35 0.236178 0.35637 0.409856 0.251202
35 0.203726 0.0745192 0.114183 0.0865385
35 0.393029 0.226562 0.189904 0.0925481
35 0.429688 0.0679087 0.195913 0.078125
35 0.659856 0.32512 0.290865 0.174279
35 0.617188 0.167067 0.176683 0.122596
35 0.727764 0.109375 0.205529 0.0649038
35 0.722957 0.0486779 0.128606 0.0444712
35 0.838942 0.506611 0.254808 0.200721
35 0.846755 0.757812 0.231971 0.217548
35 0.873798 0.217548 0.180288 0.108173
35 0.877404 0.354567 0.182692 0.132212
35 0.908654 0.120192 0.110577 0.0961538
35 0.91887 0.629207 0.0877404 0.104567
