44 0.342548 0.536058 0.141827 0.105769
44 0.40024 0.360577 0.439904 0.302885
44 0.51262 0.486779 0.0685096 0.0552885
44 0.518029 0.179087 0.0649038 0.0600962
44 0.528846 0.451322 0.0336538 0.0276442
44 0.678486 0.702524 0.289663 0.198317
44 0.576322 0.459736 0.0709135 0.0540865
44 0.604567 0.540865 0.0745192 0.0625
44 0.664062 0.486779 0.0588942 0.0408654
44 0.66887 0.219351 0.0685096 0.0685096
44 0.757212 0.398438 0.0625 0.0564904
44 0.774639 0.178486 0.0588942 0.0540865
44 0.85637 0.302885 0.0637019 0.0528846
44 0.871394 0.0402644 0.0745192 0.0564904
44 0.882812 0.195913 0.0829327 0.0600962
44 0.909856 0.395433 0.0697115 0.0552885
