51 0.031851 0.173077 0.0637019 0.0769231
51 0.0600962 0.266827 0.120192 0.139423
51 0.0733173 0.0877404 0.146635 0.122596
51 0.145433 0.158654 0.161058 0.163462
51 0.49399 0.421274 0.579327 0.457933
51 0.384615 0.176683 0.201923 0.0841346
51 0.422476 0.776442 0.253606 0.245192
51 0.391226 0.0817308 0.167067 0.163462
51 0.561298 0.108774 0.165865 0.21274
51 0.728966 0.665865 0.164663 0.230769
51 0.824519 0.111779 0.206731 0.223558
51 0.959736 0.18149 0.078125 0.170673
51 0.963341 0.0564904 0.0709135 0.112981
