26 0.130409 0.727764 0.21274 0.268029
26 0.178486 0.939303 0.13101 0.11899
26 0.245192 0.115986 0.192308 0.231971
26 0.232572 0.321514 0.0949519 0.133413
26 0.366587 0.549279 0.161058 0.252404
26 0.396034 0.77524 0.195913 0.290865
26 0.402644 0.296274 0.161058 0.236779
26 0.417668 0.0985577 0.147837 0.173077
26 0.492188 0.929087 0.195913 0.141827
26 0.545072 0.077524 0.147837 0.155048
26 0.563101 0.335337 0.135817 0.127404
26 0.647236 0.488582 0.21274 0.27524
26 0.707332 0.914663 0.207933 0.170673
26 0.685697 0.152043 0.111779 0.179087
26 0.749399 0.680889 0.138221 0.222356
26 0.797476 0.0582933 0.143029 0.116587
26 0.805889 0.409856 0.106971 0.170673
26 0.911058 0.844351 0.177885 0.198317
26 0.917067 0.955529 0.161058 0.0841346
26 0.939904 0.0528846 0.0480769 0.105769
26 0.984375 0.18149 0.0264423 0.213942
