56 0.674279 0.875601 0.247596 0.188702
56 0.14363 0.686298 0.219952 0.161058
56 0.206731 0.823918 0.245192 0.176683
56 0.212139 0.519832 0.169471 0.126202
56 0.33774 0.748197 0.194712 0.0733173
56 0.367188 0.53726 0.176683 0.0841346
56 0.371995 0.615385 0.171875 0.129808
56 0.379207 0.327524 0.176683 0.145433
56 0.39363 0.255409 0.167067 0.0973558
56 0.429688 0.855769 0.22476 0.158654
56 0.482572 0.203726 0.18149 0.138221
56 0.528846 0.624399 0.1875 0.167067
56 0.533053 0.359976 0.176683 0.133413
56 0.650841 0.227163 0.18149 0.112981
56 0.660457 0.311298 0.18149 0.146635
56 0.675481 0.607572 0.192308 0.128606
56 0.819712 0.790264 0.230769 0.157452
56 0.79387 0.540264 0.164663 0.128606
