33 0.241587 0.753005 0.0408654 0.0108173
33 0.25 0.741587 0.0384615 0.00721154
33 0.269231 0.756611 0.0384615 0.00841346
33 0.272837 0.748798 0.03125 0.00721154
33 0.423077 0.717548 0.0384615 0.0120192
33 0.43149 0.70613 0.0360577 0.00841346
33 0.563702 0.926683 0.271635 0.0745192
33 0.448317 0.721755 0.0360577 0.0108173
33 0.450721 0.714543 0.0360577 0.0108173
33 0.572115 0.692308 0.0384615 0.00961538
33 0.586538 0.685096 0.0384615 0.00961538
33 0.59976 0.698918 0.0408654 0.0132212
33 0.605769 0.692308 0.0336538 0.00961538
33 0.763822 0.363582 0.28726 0.0588942
33 0.752404 0.43149 0.206731 0.0649038
33 0.826923 0.503005 0.274038 0.0829327
33 0.878005 0.445913 0.241587 0.0745192
