56 0.0829327 0.650841 0.165865 0.359375
56 0.194712 0.367788 0.389423 0.394231
56 0.189303 0.857572 0.340144 0.282452
56 0.363582 0.141827 0.356971 0.283654
56 0.342548 0.744591 0.21875 0.508413
56 0.496995 0.398438 0.301683 0.498798
56 0.563702 0.916466 0.314904 0.164663
56 0.611178 0.269231 0.155048 0.399038
56 0.72476 0.696514 0.209135 0.36899
56 0.77524 0.442909 0.209135 0.356971
56 0.867188 0.279447 0.210337 0.38101
56 0.888822 0.750601 0.219952 0.496394
56 0.893029 0.903846 0.213942 0.173077
56 0.936298 0.127404 0.117788 0.254808
56 0.942909 0.635817 0.111779 0.401442
