6 0.00961538 0.515625 0.0192308 0.0745192
6 0.0715144 0.628606 0.0709135 0.276442
6 0.0612981 0.489784 0.0360577 0.18149
6 0.120793 0.53125 0.0492788 0.100962
6 0.152644 0.627404 0.0552885 0.259615
6 0.176082 0.529447 0.0588942 0.111779
6 0.259014 0.628005 0.0564904 0.246394
6 0.353365 0.621394 0.0528846 0.290865
6 0.430889 0.612981 0.0444712 0.274038
6 0.571514 0.353365 0.0516827 0.0769231
6 0.623197 0.542668 0.0733173 0.41226
6 0.8125 0.623798 0.370192 0.71875
6 0.673077 0.541466 0.0721154 0.395433
6 0.668269 0.430288 0.0144231 0.129808
6 0.698317 0.414062 0.0408654 0.183894
