18 0.030649 0.800481 0.0612981 0.394231
18 0.266827 0.159856 0.379808 0.319712
18 0.48738 0.65625 0.373798 0.548077
18 0.656851 0.966346 0.231971 0.0673077
18 0.697716 0.103365 0.25601 0.206731
18 0.876202 0.477764 0.247596 0.489183
18 0.973558 0.0625 0.0528846 0.125
18 0.030649 0.800481 0.0612981 0.394231
18 0.266827 0.159856 0.379808 0.319712
18 0.48738 0.65625 0.373798 0.548077
18 0.656851 0.966346 0.231971 0.0673077
18 0.697716 0.103365 0.25601 0.206731
18 0.876202 0.477764 0.247596 0.489183
18 0.973558 0.0625 0.0528846 0.125
18 0.030649 0.800481 0.0612981 0.394231
18 0.266827 0.159856 0.379808 0.319712
18 0.48738 0.65625 0.373798 0.548077
18 0.656851 0.966346 0.231971 0.0673077
18 0.697716 0.103365 0.25601 0.206731
18 0.876202 0.477764 0.247596 0.489183
18 0.973558 0.0625 0.0528846 0.125
