19 0.121394 0.352163 0.242788 0.117788
19 0.126202 0.733173 0.252404 0.389423
19 0.165264 0.233173 0.330529 0.1875
19 0.107572 0.597957 0.210337 0.219952
19 0.100361 0.471154 0.195913 0.139423
19 0.314303 0.836538 0.30649 0.326923
19 0.33774 0.170072 0.228365 0.272837
19 0.465745 0.155649 0.186298 0.239183
19 0.598558 0.838341 0.360577 0.311298
19 0.618389 0.183293 0.102163 0.246394
19 0.807692 0.788462 0.379808 0.269231
19 0.706731 0.179688 0.100962 0.191106
19 0.779447 0.237981 0.0877404 0.211538
19 0.90024 0.30649 0.199519 0.338942
