44 0.51262 0.574519 0.15024 0.173077
44 0.0625 0.555889 0.0480769 0.0300481
44 0.063101 0.664663 0.015625 0.0120192
44 0.0667067 0.650841 0.0180288 0.0132212
44 0.0835337 0.644231 0.0276442 0.0192308
44 0.0949519 0.453726 0.0408654 0.0324519
44 0.104567 0.733774 0.0456731 0.0637019
44 0.121394 0.400841 0.0552885 0.0324519
44 0.111779 0.841947 0.0264423 0.0204327
44 0.126803 0.503606 0.0372596 0.0264423
44 0.129207 0.811298 0.0228365 0.0168269
44 0.180288 0.792668 0.0288462 0.0228365
44 0.195913 0.255409 0.0504808 0.0300481
44 0.285457 0.536058 0.191106 0.0961538
44 0.235577 0.234976 0.0432692 0.0276442
44 0.249399 0.251803 0.0420673 0.0276442
44 0.311298 0.622596 0.141827 0.0865385
44 0.280048 0.448317 0.0552885 0.0360577
44 0.298678 0.438702 0.0396635 0.0264423
44 0.301683 0.495793 0.0408654 0.0300481
44 0.320913 0.813101 0.0504808 0.0444712
44 0.327524 0.346755 0.0396635 0.0492788
44 0.34375 0.0324519 0.0480769 0.0216346
44 0.339543 0.0114183 0.0396635 0.0228365
44 0.342548 0.715745 0.0264423 0.0132212
44 0.341947 0.364784 0.015625 0.0132212
44 0.426683 0.378005 0.03125 0.0444712
44 0.527043 0.44351 0.0829327 0.0649038
44 0.614784 0.73137 0.0949519 0.145433
44 0.654447 0.354567 0.0300481 0.0216346
44 0.6875 0.417668 0.0336538 0.0276442
44 0.686899 0.448918 0.0324519 0.0324519
44 0.714543 0.416466 0.0300481 0.0252404
44 0.768029 0.771635 0.117788 0.177885
44 0.736178 0.552284 0.0396635 0.0612981
44 0.903245 0.894832 0.0805288 0.0637019
