21 0.234375 0.227163 0.0649038 0.0985577
21 0.239784 0.585938 0.0757212 0.258413
21 0.342548 0.409856 0.103365 0.189904
21 0.394231 0.375 0.1875 0.254808
21 0.329928 0.29988 0.00600962 0.0132212
21 0.331731 0.273438 0.00961538 0.0132212
21 0.394231 0.550481 0.0432692 0.110577
21 0.430889 0.336538 0.102163 0.197115
21 0.524038 0.495793 0.182692 0.270433
21 0.464543 0.54387 0.0444712 0.164663
21 0.626803 0.792067 0.0901442 0.165865
21 0.659856 0.423077 0.0552885 0.120192
21 0.778245 0.536058 0.0132212 0.0528846
21 0.835337 0.370192 0.0216346 0.0817308
21 0.903846 0.385817 0.0288462 0.0649038
21 0.928486 0.408654 0.0492788 0.0528846
21 0.920072 0.536659 0.0180288 0.0396635
21 0.987981 0.414663 0.0192308 0.0456731
