24 0.0324519 0.263221 0.0649038 0.117788
24 0.103966 0.308293 0.164663 0.169471
24 0.0901442 0.0859375 0.112981 0.104567
24 0.215745 0.36899 0.28726 0.223558
24 0.184495 0.117788 0.152644 0.105769
24 0.292067 0.155649 0.161058 0.11899
24 0.332332 0.474159 0.231971 0.203125
24 0.405048 0.229567 0.165865 0.112981
24 0.489784 0.585337 0.272837 0.252404
24 0.545673 0.259615 0.206731 0.173077
24 0.747596 0.691106 0.394231 0.358173
24 0.711538 0.355168 0.206731 0.152644
24 0.888221 0.902644 0.223558 0.194712
24 0.897236 0.427885 0.203125 0.230769
