31 0.244591 0.614784 0.176683 0.16226
31 0.279447 0.635216 0.15024 0.106971
31 0.300481 0.560697 0.139423 0.13101
31 0.329327 0.658654 0.105769 0.0432692
31 0.34976 0.677885 0.141827 0.110577
31 0.362981 0.509014 0.100962 0.104567
31 0.459736 0.557091 0.179087 0.268029
31 0.482572 0.706731 0.133413 0.0721154
31 0.509014 0.517428 0.157452 0.284856
31 0.593149 0.683894 0.11899 0.127404
31 0.660457 0.429087 0.191106 0.276442
31 0.689303 0.547476 0.205529 0.171875
31 0.720553 0.698317 0.171875 0.137019
31 0.739784 0.528846 0.104567 0.221154
31 0.820312 0.704928 0.078125 0.135817
31 0.811899 0.582332 0.0516827 0.140625
31 0.904447 0.677284 0.15024 0.18149
