19 0.90625 0.596755 0.177885 0.371394
19 0.0168269 0.721755 0.0336538 0.0877404
19 0.0186298 0.650841 0.0372596 0.0612981
19 0.0330529 0.600361 0.0516827 0.0709135
19 0.0360577 0.795072 0.0576923 0.0564904
19 0.0426683 0.536659 0.0612981 0.0444712
19 0.0679087 0.739183 0.0829327 0.0793269
19 0.0516827 0.489784 0.0456731 0.0612981
19 0.0715144 0.411058 0.0372596 0.0480769
19 0.0733173 0.597957 0.0216346 0.0612981
19 0.0751202 0.371394 0.0204327 0.0360577
19 0.100361 0.653245 0.0612981 0.0853365
19 0.10637 0.476562 0.0685096 0.0444712
19 0.112981 0.790865 0.0673077 0.0769231
19 0.114183 0.33113 0.0649038 0.046875
19 0.109375 0.58774 0.0504808 0.0552885
19 0.111178 0.374399 0.0492788 0.0516827
19 0.117188 0.522236 0.0564904 0.0444712
19 0.121995 0.289062 0.0420673 0.0396635
19 0.131611 0.710938 0.0612981 0.0805288
19 0.116587 0.254207 0.03125 0.0372596
19 0.135216 0.22476 0.0492788 0.0408654
19 0.156851 0.640625 0.0396635 0.0697115
19 0.168269 0.370192 0.0528846 0.0480769
19 0.171274 0.489784 0.0588942 0.0564904
19 0.165865 0.585938 0.0384615 0.0564904
19 0.170072 0.326923 0.046875 0.0288462
19 0.176082 0.537861 0.0444712 0.046875
19 0.184495 0.281851 0.0516827 0.0444712
19 0.182091 0.230168 0.0420673 0.0420673
19 0.194712 0.408053 0.0432692 0.0564904
19 0.206731 0.784856 0.0673077 0.0745192
19 0.208534 0.718149 0.0228365 0.0564904
19 0.210337 0.357572 0.0264423 0.0420673
19 0.213341 0.655048 0.0180288 0.0408654
19 0.222356 0.296875 0.0264423 0.0456731
19 0.228966 0.261418 0.0396635 0.0420673
19 0.230769 0.23137 0.0384615 0.0348558
19 0.250601 0.739183 0.0733173 0.0841346
19 0.252404 0.588942 0.0673077 0.0673077
19 0.253005 0.650841 0.0540865 0.0564904
19 0.254207 0.486779 0.0516827 0.0552885
19 0.266226 0.528846 0.0661058 0.0625
19 0.289062 0.778846 0.0588942 0.0336538
19 0.295673 0.370192 0.0480769 0.0336538
19 0.292067 0.326322 0.0408654 0.0516827
19 0.298678 0.215144 0.0444712 0.03125
19 0.299279 0.251202 0.0456731 0.03125
19 0.305288 0.286659 0.0480769 0.0348558
19 0.331731 0.73137 0.0721154 0.0829327
19 0.310697 0.509014 0.0300481 0.0516827
19 0.335938 0.640625 0.0612981 0.0745192
19 0.338942 0.579327 0.0673077 0.0625
19 0.338341 0.521635 0.0564904 0.0480769
19 0.362981 0.778846 0.0865385 0.0769231
19 0.348558 0.219952 0.0432692 0.0360577
19 0.352163 0.316707 0.0504808 0.0228365
19 0.353365 0.355168 0.0528846 0.046875
19 0.351562 0.251202 0.0444712 0.03125
19 0.354567 0.283053 0.0408654 0.0420673
19 0.367188 0.477764 0.0420673 0.0420673
19 0.385817 0.703726 0.0456731 0.0661058
19 0.379808 0.578125 0.0288462 0.0552885
19 0.38101 0.402644 0.0360577 0.0408654
19 0.382812 0.629207 0.0300481 0.0661058
19 0.384615 0.517428 0.0192308 0.0444712
19 0.391827 0.260216 0.0336538 0.0204327
19 0.388221 0.290264 0.0216346 0.0420673
19 0.389423 0.225962 0.0240385 0.0240385
19 0.391226 0.353966 0.0180288 0.0444712
19 0.39363 0.321514 0.0228365 0.0276442
19 0.432091 0.277043 0.0324519 0.0252404
19 0.448317 0.45613 0.0600962 0.0516827
19 0.438702 0.384014 0.0264423 0.0372596
19 0.438702 0.509615 0.0264423 0.0336538
19 0.439303 0.353365 0.0276442 0.0288462
19 0.444111 0.21875 0.0372596 0.0240385
19 0.4375 0.24399 0.0240385 0.03125
19 0.439904 0.609976 0.0288462 0.046875
19 0.439303 0.309495 0.0228365 0.0180288
19 0.445312 0.671875 0.0348558 0.0745192
19 0.45012 0.740385 0.0444712 0.0673077
19 0.436298 0.567308 0.0120192 0.0432692
19 0.463942 0.27524 0.0432692 0.0408654
19 0.470553 0.551683 0.0420673 0.0504808
19 0.471755 0.307692 0.0396635 0.0336538
19 0.475962 0.358173 0.0384615 0.0480769
19 0.480168 0.5 0.046875 0.0480769
19 0.492188 0.624399 0.0564904 0.0612981
19 0.484375 0.220553 0.0360577 0.0276442
19 0.495793 0.703726 0.0588942 0.0709135
19 0.501202 0.377404 0.0360577 0.0192308
19 0.507212 0.455529 0.0240385 0.0456731
19 0.522837 0.310096 0.0456731 0.0384615
19 0.524038 0.348558 0.0432692 0.0336538
19 0.518029 0.270433 0.0264423 0.03125
19 0.536058 0.554087 0.0673077 0.0408654
19 0.536659 0.753005 0.0685096 0.0252404
19 0.527644 0.216947 0.0360577 0.0396635
19 0.534255 0.242788 0.0396635 0.0240385
19 0.545072 0.49399 0.0516827 0.0649038
19 0.552284 0.61238 0.0661058 0.0661058
19 0.546274 0.387019 0.0444712 0.0384615
19 0.546875 0.454327 0.0264423 0.0480769
19 0.567308 0.69351 0.0673077 0.0793269
19 0.55649 0.3125 0.0216346 0.0432692
19 0.561899 0.353365 0.0276442 0.0288462
19 0.587139 0.221154 0.0348558 0.0288462
19 0.591346 0.553486 0.0336538 0.0396635
19 0.603966 0.739784 0.0540865 0.0661058
19 0.590144 0.246995 0.0216346 0.0276442
19 0.593149 0.283053 0.0228365 0.0420673
19 0.599159 0.614784 0.0252404 0.0709135
19 0.606971 0.319111 0.0216346 0.0372596
19 0.608173 0.350361 0.0240385 0.0276442
19 0.615385 0.677885 0.0240385 0.0480769
19 0.61899 0.228365 0.03125 0.0480769
19 0.628606 0.377404 0.0360577 0.0336538
19 0.629808 0.445913 0.0384615 0.0552885
19 0.650841 0.542668 0.0516827 0.0516827
19 0.647236 0.484976 0.0300481 0.0420673
19 0.649639 0.339543 0.0300481 0.0396635
19 0.661058 0.594952 0.0336538 0.0552885
19 0.679688 0.667668 0.0516827 0.0612981
19 0.677885 0.21875 0.0432692 0.0336538
19 0.673678 0.260817 0.0300481 0.03125
19 0.686899 0.448317 0.0564904 0.0408654
19 0.691106 0.503606 0.0600962 0.0552885
19 0.694111 0.746394 0.0612981 0.09375
19 0.685096 0.370793 0.0384615 0.0204327
19 0.702524 0.295673 0.0492788 0.0480769
19 0.708534 0.563101 0.0612981 0.0637019
19 0.707332 0.617188 0.0540865 0.0757212
19 0.705529 0.335337 0.0408654 0.0504808
19 0.732572 0.709135 0.0757212 0.0721154
19 0.716947 0.206731 0.0348558 0.0480769
19 0.732572 0.369591 0.0372596 0.0516827
19 0.745793 0.442308 0.0492788 0.0528846
19 0.750601 0.5 0.0588942 0.0625
19 0.75 0.67488 0.0480769 0.0757212
19 0.742188 0.251803 0.0276442 0.046875
19 0.772837 0.557091 0.0697115 0.0612981
19 0.758413 0.290865 0.03125 0.0528846
19 0.776442 0.614183 0.0625 0.0552885
19 0.767428 0.232572 0.0300481 0.0372596
19 0.772837 0.198918 0.0408654 0.0324519
19 0.78726 0.739784 0.0504808 0.0372596
19 0.77524 0.334135 0.0264423 0.0384615
19 0.78726 0.258413 0.0408654 0.03125
19 0.805288 0.677284 0.0673077 0.0853365
19 0.796875 0.371394 0.0456731 0.0504808
19 0.795673 0.293269 0.0384615 0.0336538
19 0.811298 0.331731 0.0552885 0.0432692
19 0.810697 0.194712 0.0444712 0.0288462
19 0.80649 0.222957 0.0264423 0.0420673
19 0.83774 0.719952 0.0552885 0.0552885
19 0.834736 0.257212 0.0444712 0.0384615
19 0.839543 0.291466 0.0492788 0.0444712
19 0.855769 0.361178 0.0432692 0.0300481
19 0.847957 0.219952 0.0228365 0.0360577
19 0.873798 0.32512 0.0456731 0.0396635
19 0.875 0.288462 0.0192308 0.0336538
19 0.904447 0.360577 0.0540865 0.0528846
