18 0.137019 0.304688 0.269231 0.28726
18 0.279447 0.498798 0.280048 0.300481
18 0.340144 0.227764 0.237981 0.205529
18 0.425481 0.714543 0.331731 0.342548
18 0.503606 0.382212 0.257212 0.25
18 0.52524 0.14363 0.209135 0.195913
18 0.676683 0.545673 0.295673 0.3125
18 0.686899 0.264423 0.229567 0.216346
18 0.874399 0.421875 0.248798 0.266827
18 0.137019 0.304688 0.269231 0.28726
18 0.279447 0.498798 0.280048 0.300481
18 0.340144 0.227764 0.237981 0.205529
18 0.425481 0.714543 0.331731 0.342548
18 0.503606 0.382212 0.257212 0.25
18 0.52524 0.14363 0.209135 0.195913
18 0.676683 0.545673 0.295673 0.3125
18 0.686899 0.264423 0.229567 0.216346
18 0.874399 0.421875 0.248798 0.266827
18 0.137019 0.304688 0.269231 0.28726
18 0.279447 0.498798 0.280048 0.300481
18 0.340144 0.227764 0.237981 0.205529
18 0.425481 0.714543 0.331731 0.342548
18 0.503606 0.382212 0.257212 0.25
18 0.52524 0.14363 0.209135 0.195913
18 0.676683 0.545673 0.295673 0.3125
18 0.686899 0.264423 0.229567 0.216346
18 0.874399 0.421875 0.248798 0.266827
