26 0.0865385 0.564904 0.139423 0.201923
26 0.172476 0.563101 0.0612981 0.135817
26 0.182091 0.57512 0.0420673 0.111779
26 0.209135 0.635216 0.0865385 0.140625
26 0.317909 0.573918 0.0877404 0.167067
26 0.33774 0.464543 0.0841346 0.0733173
26 0.334135 0.622596 0.0480769 0.0721154
26 0.370192 0.593149 0.0576923 0.16226
26 0.390024 0.501202 0.0300481 0.0456731
26 0.444111 0.418269 0.0997596 0.139423
26 0.466346 0.567308 0.134615 0.230769
26 0.510216 0.472957 0.0637019 0.104567
26 0.558894 0.609976 0.0985577 0.16226
26 0.602163 0.558293 0.108173 0.217548
26 0.624399 0.41226 0.128606 0.194712
26 0.703726 0.534856 0.0853365 0.141827
26 0.688702 0.637019 0.0456731 0.129808
26 0.776442 0.621394 0.120192 0.15625
26 0.757212 0.523438 0.0528846 0.0516827
26 0.819111 0.581731 0.0228365 0.158654
26 0.877404 0.582933 0.120192 0.213942
