56 0.0625 0.634615 0.0913462 0.0721154
56 0.0919471 0.644231 0.0685096 0.0721154
56 0.129808 0.608774 0.0528846 0.0300481
56 0.154447 0.660457 0.078125 0.0805288
56 0.15024 0.51262 0.0649038 0.0637019
56 0.183894 0.615385 0.0649038 0.0384615
56 0.195913 0.679688 0.0889423 0.0853365
56 0.19351 0.591346 0.0600962 0.0336538
56 0.210938 0.522837 0.0757212 0.0649038
56 0.214543 0.387019 0.0492788 0.0721154
56 0.230168 0.629808 0.0661058 0.0432692
56 0.257212 0.533654 0.0865385 0.0721154
56 0.263822 0.704928 0.0997596 0.0877404
56 0.242188 0.476562 0.0516827 0.0252404
56 0.281851 0.388221 0.078125 0.0745192
56 0.278245 0.646635 0.0661058 0.0432692
56 0.290264 0.494591 0.046875 0.0420673
56 0.314303 0.615385 0.0757212 0.0288462
56 0.334135 0.725962 0.115385 0.0817308
56 0.330529 0.54988 0.0841346 0.0805288
56 0.31851 0.260817 0.0600962 0.0649038
56 0.33774 0.663462 0.0841346 0.0480769
56 0.335938 0.395433 0.0709135 0.0697115
56 0.364784 0.498197 0.0805288 0.0348558
56 0.379207 0.265024 0.0709135 0.0685096
56 0.396635 0.571514 0.0913462 0.0853365
56 0.403245 0.746995 0.104567 0.0901442
56 0.404447 0.405649 0.0733173 0.0805288
56 0.415264 0.644231 0.0757212 0.0288462
56 0.412861 0.479567 0.0661058 0.0552885
56 0.414062 0.680288 0.0685096 0.0480769
56 0.427885 0.521034 0.0961538 0.0372596
56 0.441707 0.120793 0.0805288 0.0637019
56 0.457933 0.25601 0.09375 0.0745192
56 0.465144 0.412861 0.0889423 0.0805288
56 0.475361 0.588341 0.109375 0.0805288
56 0.462139 0.482572 0.0492788 0.0516827
56 0.475361 0.664062 0.0757212 0.0348558
56 0.492188 0.771635 0.0997596 0.0913462
56 0.495192 0.701923 0.0961538 0.0432692
56 0.491587 0.526442 0.0841346 0.0336538
56 0.484976 0.489784 0.0372596 0.0420673
56 0.521635 0.111178 0.0865385 0.0637019
56 0.534856 0.258413 0.09375 0.0697115
56 0.551082 0.428486 0.106971 0.0829327
56 0.542067 0.683293 0.0649038 0.0348558
56 0.555288 0.549279 0.0817308 0.0504808
56 0.574519 0.609976 0.120192 0.104567
56 0.576322 0.794471 0.104567 0.103365
56 0.576923 0.72476 0.0865385 0.0504808
56 0.576322 0.498798 0.0757212 0.0745192
56 0.596154 0.118389 0.0865385 0.0685096
56 0.607572 0.258413 0.0661058 0.0697115
56 0.618389 0.534856 0.078125 0.0504808
56 0.629207 0.70012 0.0805288 0.0637019
56 0.626803 0.417668 0.0709135 0.0901442
56 0.652644 0.594351 0.0841346 0.0877404
56 0.661058 0.763822 0.0817308 0.0997596
56 0.65625 0.255409 0.0576923 0.0685096
56 0.678486 0.516827 0.0685096 0.0384615
56 0.689303 0.67488 0.0709135 0.046875
56 0.690505 0.405048 0.0685096 0.0745192
56 0.705529 0.569111 0.09375 0.0853365
56 0.714543 0.73738 0.0973558 0.0997596
56 0.705529 0.260216 0.0600962 0.0588942
56 0.722356 0.502404 0.0600962 0.0384615
56 0.729567 0.653846 0.0600962 0.0480769
56 0.750601 0.392428 0.0685096 0.0829327
56 0.763221 0.554688 0.0889423 0.0901442
56 0.763221 0.711538 0.0889423 0.0961538
56 0.772236 0.630409 0.0733173 0.0444712
56 0.775841 0.498798 0.0420673 0.03125
56 0.809495 0.542668 0.0805288 0.0661058
56 0.804688 0.393029 0.0661058 0.0697115
56 0.814303 0.686899 0.0805288 0.0853365
56 0.808293 0.486779 0.0492788 0.0216346
56 0.846755 0.527644 0.0733173 0.0697115
56 0.853365 0.659255 0.0576923 0.0733173
56 0.882212 0.587139 0.0528846 0.0348558
56 0.891827 0.646034 0.0576923 0.0564904
56 0.89363 0.51262 0.046875 0.0637019
56 0.916466 0.632812 0.0685096 0.0733173
56 0.948317 0.616587 0.0552885 0.0697115
