31 0.393029 0.334736 0.146635 0.188702
31 0.0685096 0.646034 0.137019 0.167067
31 0.0721154 0.469351 0.144231 0.159856
31 0.0841346 0.292668 0.168269 0.157452
31 0.0667067 0.896034 0.133413 0.205529
31 0.105168 0.094351 0.147837 0.188702
31 0.205529 0.929087 0.161058 0.141827
31 0.230168 0.0733173 0.11899 0.146635
31 0.332933 0.516226 0.161058 0.186298
31 0.375601 0.0745192 0.155048 0.149038
31 0.45613 0.658654 0.133413 0.283654
31 0.506611 0.465745 0.191106 0.171875
31 0.526442 0.0829327 0.144231 0.165865
31 0.701923 0.0997596 0.149038 0.199519
31 0.807091 0.177885 0.215144 0.201923
31 0.808894 0.358774 0.170673 0.140625
31 0.838942 0.499399 0.177885 0.22476
