18 0.183894 0.195913 0.367788 0.189904
18 0.295673 0.826322 0.591346 0.344952
18 0.285457 0.483774 0.489183 0.304087
18 0.52524 0.0733173 0.348558 0.146635
18 0.651442 0.271635 0.432692 0.230769
18 0.816707 0.626803 0.364183 0.383413
18 0.183894 0.195913 0.367788 0.189904
18 0.295673 0.826322 0.591346 0.344952
18 0.285457 0.483774 0.489183 0.304087
18 0.52524 0.0733173 0.348558 0.146635
18 0.651442 0.271635 0.432692 0.230769
18 0.816707 0.626803 0.364183 0.383413
18 0.183894 0.195913 0.367788 0.189904
18 0.295673 0.826322 0.591346 0.344952
18 0.285457 0.483774 0.489183 0.304087
18 0.52524 0.0733173 0.348558 0.146635
18 0.651442 0.271635 0.432692 0.230769
18 0.816707 0.626803 0.364183 0.383413
