1 0.227163 0.175481 0.0745192 0.0384615
1 0.251803 0.201322 0.0709135 0.0516827
1 0.350962 0.59375 0.0865385 0.0576923
1 0.378005 0.79387 0.0829327 0.0588942
1 0.397837 0.844351 0.0841346 0.0637019
1 0.40625 0.614784 0.0865385 0.0612981
1 0.407452 0.564904 0.0793269 0.0480769
1 0.419471 0.309495 0.0889423 0.0564904
1 0.446514 0.833534 0.0805288 0.0516827
1 0.454327 0.231971 0.0769231 0.0456731
1 0.45012 0.0282452 0.0588942 0.0372596
1 0.456731 0.272236 0.0721154 0.0637019
1 0.545673 0.420072 0.221154 0.18149
1 0.504207 0.266827 0.0612981 0.0576923
1 0.533654 0.204327 0.0769231 0.0528846
1 0.611779 0.170673 0.0841346 0.0528846
1 0.620192 0.113582 0.0865385 0.0588942
1 0.671875 0.147837 0.0745192 0.0552885
1 0.670072 0.54387 0.0516827 0.0444712
1 0.703125 0.533053 0.0456731 0.0516827
