56 0.569712 0.677885 0.336538 0.259615
56 0.122596 0.436899 0.245192 0.11899
56 0.125 0.563101 0.25 0.222356
56 0.259615 0.665264 0.326923 0.24399
56 0.246995 0.374399 0.191106 0.114183
56 0.359976 0.453125 0.263221 0.165865
56 0.436298 0.526442 0.276442 0.192308
56 0.434495 0.332332 0.215144 0.121394
56 0.567308 0.397236 0.245192 0.135817
56 0.697115 0.466947 0.288462 0.169471
56 0.662861 0.333534 0.191106 0.104567
56 0.819712 0.597356 0.331731 0.228365
56 0.832933 0.371995 0.237981 0.147837
56 0.915865 0.464543 0.168269 0.183894
