26 0.417668 0.822115 0.0661058 0.105769
26 0.489784 0.454928 0.0805288 0.0877404
26 0.559495 0.658654 0.0132212 0.0288462
26 0.601562 0.0264423 0.0540865 0.0384615
26 0.602163 0.403846 0.0552885 0.0576923
26 0.58774 0.671274 0.0168269 0.0252404
26 0.626202 0.63762 0.0168269 0.0348558
26 0.641827 0.67488 0.0240385 0.0324519
26 0.677885 0.716947 0.0144231 0.0444712
26 0.689303 0.688702 0.0228365 0.0360577
26 0.723558 0.229567 0.0480769 0.0745192
26 0.792668 0.219952 0.0228365 0.0600962
26 0.865986 0.0877404 0.0733173 0.0697115
26 0.858774 0.572716 0.0540865 0.0492788
