18 0.697115 0.404447 0.298077 0.284856
18 0.297476 0.644231 0.41226 0.403846
18 0.341346 0.348558 0.298077 0.221154
18 0.35637 0.170673 0.241587 0.149038
18 0.596755 0.20613 0.260817 0.16226
18 0.77524 0.784255 0.449519 0.429087
18 0.697115 0.404447 0.298077 0.284856
18 0.297476 0.644231 0.41226 0.403846
18 0.341346 0.348558 0.298077 0.221154
18 0.35637 0.170673 0.241587 0.149038
18 0.596755 0.20613 0.260817 0.16226
18 0.77524 0.784255 0.449519 0.429087
18 0.697115 0.404447 0.298077 0.284856
18 0.297476 0.644231 0.41226 0.403846
18 0.341346 0.348558 0.298077 0.221154
18 0.35637 0.170673 0.241587 0.149038
18 0.596755 0.20613 0.260817 0.16226
18 0.77524 0.784255 0.449519 0.429087
