56 0.489183 0.216346 0.209135 0.144231
56 0.0625 0.751803 0.0769231 0.123798
56 0.0883413 0.67488 0.0757212 0.0805288
56 0.127404 0.629207 0.0961538 0.104567
56 0.138822 0.765625 0.0805288 0.117788
56 0.301082 0.789663 0.106971 0.112981
56 0.308293 0.730769 0.0925481 0.110577
56 0.400841 0.789062 0.0997596 0.111779
56 0.40625 0.739183 0.100962 0.112981
56 0.409856 0.669471 0.0841346 0.09375
56 0.682692 0.703726 0.283654 0.272837
56 0.789663 0.595553 0.0504808 0.0516827
56 0.807091 0.632212 0.0516827 0.0432692
56 0.819111 0.673678 0.0564904 0.0444712
56 0.846755 0.709135 0.0685096 0.0528846
56 0.853966 0.763822 0.0588942 0.0901442
56 0.852163 0.59976 0.0504808 0.0552885
56 0.870192 0.642428 0.0528846 0.0540865
56 0.884014 0.672476 0.0612981 0.0372596
56 0.903245 0.804087 0.0853365 0.0793269
56 0.902043 0.604567 0.0540865 0.0600962
56 0.910457 0.71274 0.0661058 0.0841346
56 0.92488 0.648438 0.0564904 0.046875
56 0.947115 0.78125 0.0673077 0.0913462
56 0.957933 0.600361 0.0552885 0.0516827
56 0.955529 0.694111 0.0456731 0.0661058
56 0.973558 0.721154 0.0480769 0.0432692
56 0.976562 0.644832 0.0444712 0.0444712
56 0.986779 0.686298 0.0264423 0.0504808
56 0.989183 0.788462 0.0168269 0.0865385
