60 0.0252404 0.567308 0.0504808 0.0432692
60 0.0679087 0.567909 0.0540865 0.0492788
60 0.0709135 0.5625 0.0600962 0.0432692
60 0.179688 0.396635 0.0709135 0.0432692
60 0.180889 0.401442 0.0637019 0.0480769
60 0.263822 0.214543 0.0661058 0.0588942
60 0.32512 0.570913 0.0540865 0.0360577
60 0.333534 0.537861 0.0709135 0.0324519
60 0.32512 0.569712 0.0492788 0.0336538
60 0.335337 0.537861 0.0697115 0.0228365
60 0.376803 0.286058 0.0901442 0.0384615
60 0.383413 0.281851 0.09375 0.0396635
60 0.378606 0.578726 0.0408654 0.0420673
60 0.386418 0.570913 0.0564904 0.0360577
60 0.465745 0.350962 0.0997596 0.0384615
60 0.46875 0.348558 0.0961538 0.0432692
60 0.573918 0.259615 0.0805288 0.0528846
60 0.574519 0.261418 0.0769231 0.0564904
60 0.614784 0.622596 0.0901442 0.0432692
60 0.611779 0.623798 0.0697115 0.0456731
60 0.765625 0.579928 0.0889423 0.0348558
60 0.770433 0.578125 0.0889423 0.0408654
60 0.787861 0.276442 0.0709135 0.0384615
