69 0.140625 0.480769 0.28125 0.735577
69 0.145433 0.482572 0.286058 0.729567
69 0.344351 0.6875 0.0637019 0.346154
69 0.345553 0.684495 0.0612981 0.34976
69 0.466947 0.376803 0.25601 0.0853365
69 0.463341 0.38101 0.248798 0.0841346
69 0.374399 0.225962 0.0564904 0.283654
69 0.378005 0.231971 0.0540865 0.271635
69 0.393029 0.686298 0.0697115 0.34375
69 0.394231 0.6875 0.0673077 0.346154
69 0.432692 0.225361 0.0576923 0.258413
69 0.433293 0.222356 0.0588942 0.262019
69 0.455529 0.667067 0.0793269 0.377404
69 0.580529 0.46875 0.257212 0.115385
69 0.581731 0.465144 0.259615 0.108173
69 0.489183 0.220553 0.0504808 0.234375
69 0.499399 0.658654 0.0661058 0.389423
69 0.489784 0.221154 0.0420673 0.225962
69 0.525841 0.23137 0.0661058 0.251202
69 0.536659 0.228365 0.0492788 0.25
69 0.557692 0.648438 0.0817308 0.30649
69 0.561899 0.645433 0.0853365 0.314904
69 0.580529 0.208534 0.0408654 0.219952
69 0.581731 0.23137 0.0384615 0.27524
69 0.620793 0.246995 0.0444712 0.282452
69 0.632212 0.656851 0.0673077 0.313702
69 0.63762 0.655649 0.0733173 0.311298
69 0.624399 0.23738 0.0420673 0.268029
69 0.666466 0.259615 0.0540865 0.302885
69 0.673077 0.260216 0.0432692 0.313702
69 0.695913 0.684495 0.0600962 0.34976
69 0.698317 0.682692 0.0649038 0.346154
69 0.859976 0.397236 0.277644 0.669471
69 0.86238 0.396635 0.272837 0.673077
