44 0.0108173 0.361178 0.0216346 0.0588942
44 0.0588942 0.852764 0.03125 0.0516827
44 0.107572 0.865986 0.0228365 0.0637019
44 0.114183 0.427885 0.03125 0.0432692
44 0.139423 0.558293 0.0288462 0.0444712
44 0.189904 0.739183 0.0336538 0.0504808
44 0.240385 0.659856 0.0384615 0.03125
44 0.25 0.0192308 0.0480769 0.0384615
44 0.259615 0.5 0.0336538 0.0480769
44 0.264423 0.688702 0.0240385 0.0360577
44 0.286058 0.625601 0.0288462 0.0396635
44 0.310096 0.256611 0.0480769 0.0516827
44 0.308894 0.52524 0.0360577 0.0600962
44 0.315505 0.355769 0.0444712 0.0528846
44 0.344351 0.0342548 0.0396635 0.0588942
44 0.362981 0.231971 0.0288462 0.0408654
44 0.379808 0.18149 0.0480769 0.0504808
44 0.39363 0.670072 0.0324519 0.0276442
44 0.406851 0.709135 0.0396635 0.0528846
44 0.413462 0.197115 0.0480769 0.0528846
44 0.42488 0.271635 0.0372596 0.0528846
44 0.448317 0.856971 0.0408654 0.0552885
44 0.446514 0.308894 0.0372596 0.0552885
44 0.462139 0.537861 0.0396635 0.0516827
44 0.496394 0.99399 0.0216346 0.0120192
44 0.524639 0.986178 0.0348558 0.0252404
44 0.528846 0.441106 0.0432692 0.0504808
44 0.530649 0.39363 0.0420673 0.046875
44 0.538462 0.477163 0.0384615 0.0552885
44 0.553486 0.609976 0.0348558 0.0420673
44 0.554688 0.322115 0.0372596 0.0480769
44 0.566106 0.374399 0.0360577 0.0420673
44 0.564303 0.625601 0.0372596 0.0444712
44 0.570913 0.670072 0.0408654 0.0516827
44 0.572716 0.324519 0.0300481 0.0528846
44 0.638221 0.682091 0.0408654 0.046875
44 0.645433 0.621394 0.0456731 0.0600962
44 0.653245 0.446514 0.0372596 0.0516827
44 0.659856 0.183293 0.0360577 0.0637019
44 0.753606 0.746995 0.199519 0.22476
44 0.694712 0.197115 0.0336538 0.0721154
44 0.730168 0.146635 0.0372596 0.0528846
44 0.751803 0.534856 0.0420673 0.0600962
44 0.756611 0.40625 0.0372596 0.0528846
44 0.786659 0.525841 0.0444712 0.0564904
44 0.816106 0.573918 0.0408654 0.0564904
44 0.835938 0.138822 0.0372596 0.0516827
44 0.864784 0.45613 0.0420673 0.0420673
44 0.863582 0.320913 0.0348558 0.0600962
44 0.877404 0.492188 0.0576923 0.0420673
44 0.889423 0.725962 0.0480769 0.0528846
44 0.887019 0.775841 0.0384615 0.046875
44 0.899038 0.139423 0.0384615 0.0480769
44 0.929087 0.684495 0.0408654 0.0564904
44 0.930889 0.326923 0.0444712 0.0673077
