18 0.152644 0.228365 0.305288 0.456731
18 0.151442 0.758413 0.302885 0.478365
18 0.463942 0.75 0.384615 0.466346
18 0.457933 0.246394 0.358173 0.492788
18 0.822716 0.253606 0.352163 0.502404
18 0.829928 0.778245 0.33774 0.441106
18 0.152644 0.228365 0.305288 0.456731
18 0.151442 0.758413 0.302885 0.478365
18 0.463942 0.75 0.384615 0.466346
18 0.457933 0.246394 0.358173 0.492788
18 0.822716 0.253606 0.352163 0.502404
18 0.829928 0.778245 0.33774 0.441106
18 0.152644 0.228365 0.305288 0.456731
18 0.151442 0.758413 0.302885 0.478365
18 0.463942 0.75 0.384615 0.466346
18 0.457933 0.246394 0.358173 0.492788
18 0.822716 0.253606 0.352163 0.502404
18 0.829928 0.778245 0.33774 0.441106
