18 0.201923 0.655649 0.163462 0.205529
18 0.328125 0.42488 0.0889423 0.0949519
18 0.329327 0.519231 0.0865385 0.100962
18 0.334135 0.332933 0.0817308 0.127404
18 0.34976 0.603365 0.0889423 0.0961538
18 0.353966 0.690505 0.0877404 0.106971
18 0.473558 0.938101 0.0528846 0.078125
18 0.611178 0.341947 0.0829327 0.111779
18 0.637019 0.738582 0.0961538 0.13101
18 0.724159 0.252404 0.0877404 0.110577
18 0.727163 0.86238 0.0649038 0.114183
18 0.85637 0.153846 0.0588942 0.120192
18 0.9375 0.286058 0.0769231 0.129808
18 0.95012 0.676082 0.0588942 0.116587
18 0.201923 0.655649 0.163462 0.205529
18 0.328125 0.42488 0.0889423 0.0949519
18 0.329327 0.519231 0.0865385 0.100962
18 0.334135 0.332933 0.0817308 0.127404
18 0.34976 0.603365 0.0889423 0.0961538
18 0.353966 0.690505 0.0877404 0.106971
18 0.473558 0.938101 0.0528846 0.078125
18 0.611178 0.341947 0.0829327 0.111779
18 0.637019 0.738582 0.0961538 0.13101
18 0.724159 0.252404 0.0877404 0.110577
18 0.727163 0.86238 0.0649038 0.114183
18 0.85637 0.153846 0.0588942 0.120192
18 0.9375 0.286058 0.0769231 0.129808
18 0.95012 0.676082 0.0588942 0.116587
18 0.201923 0.655649 0.163462 0.205529
18 0.328125 0.42488 0.0889423 0.0949519
18 0.329327 0.519231 0.0865385 0.100962
18 0.334135 0.332933 0.0817308 0.127404
18 0.34976 0.603365 0.0889423 0.0961538
18 0.353966 0.690505 0.0877404 0.106971
18 0.473558 0.938101 0.0528846 0.078125
18 0.611178 0.341947 0.0829327 0.111779
18 0.637019 0.738582 0.0961538 0.13101
18 0.724159 0.252404 0.0877404 0.110577
18 0.727163 0.86238 0.0649038 0.114183
18 0.85637 0.153846 0.0588942 0.120192
18 0.9375 0.286058 0.0769231 0.129808
18 0.95012 0.676082 0.0588942 0.116587
