24 0.455529 0.826923 0.137019 0.177885
24 0.114183 0.717548 0.0985577 0.117788
24 0.160457 0.879808 0.147837 0.163462
24 0.237981 0.710938 0.144231 0.104567
24 0.309495 0.849159 0.176683 0.169471
24 0.36899 0.698317 0.137019 0.0985577
24 0.475361 0.673678 0.138221 0.111779
24 0.570312 0.797476 0.164663 0.143029
24 0.572716 0.665865 0.106971 0.0961538
24 0.67488 0.777043 0.157452 0.13101
24 0.695913 0.66226 0.09375 0.0697115
24 0.779447 0.766226 0.169471 0.11899
24 0.75601 0.657452 0.117788 0.0841346
24 0.833534 0.632812 0.138221 0.0877404
24 0.865385 0.748197 0.149038 0.111779
24 0.927885 0.725361 0.0817308 0.0949519
