1 0.248197 0.945913 0.159856 0.108173
1 0.141827 0.908053 0.139423 0.0853365
1 0.273438 0.764423 0.186298 0.0721154
1 0.297476 0.855769 0.167067 0.0769231
1 0.314303 0.792067 0.0997596 0.112981
1 0.605168 0.611178 0.0661058 0.106971
1 0.659856 0.805288 0.127404 0.192308
1 0.664663 0.61238 0.0841346 0.0757212
1 0.674279 0.677284 0.0985577 0.0612981
1 0.795673 0.720553 0.177885 0.0997596
1 0.829928 0.915865 0.227163 0.0721154
1 0.810697 0.975962 0.121394 0.0480769
1 0.947716 0.976562 0.102163 0.0444712
