46 0.0805288 0.409255 0.122596 0.126202
46 0.167668 0.91226 0.133413 0.146635
46 0.289663 0.844351 0.141827 0.0637019
46 0.282452 0.760216 0.122596 0.126202
46 0.290264 0.878606 0.128606 0.108173
46 0.292067 0.95613 0.122596 0.0853365
46 0.399038 0.803486 0.115385 0.0829327
46 0.40625 0.869591 0.120192 0.147837
46 0.402644 0.963942 0.108173 0.0721154
46 0.498798 0.78726 0.103365 0.0552885
46 0.514423 0.960938 0.110577 0.0661058
46 0.519832 0.871394 0.121394 0.132212
46 0.551082 0.968149 0.116587 0.0612981
46 0.593149 0.799279 0.11899 0.0600962
46 0.615986 0.86899 0.106971 0.112981
46 0.606971 0.1875 0.0841346 0.0865385
46 0.640625 0.963341 0.0456731 0.0709135
46 0.698317 0.820913 0.112981 0.112981
