32 0.810096 0.408053 0.144231 0.0757212
32 0.355769 0.512019 0.120192 0.0817308
32 0.367188 0.441106 0.0949519 0.0697115
32 0.421274 0.463942 0.0973558 0.0721154
32 0.468149 0.439303 0.0997596 0.0661058
32 0.478966 0.515625 0.116587 0.0697115
32 0.555889 0.291466 0.106971 0.0733173
32 0.563702 0.219952 0.112981 0.0745192
32 0.634014 0.254207 0.104567 0.0661058
32 0.664062 0.304087 0.0973558 0.0745192
32 0.670072 0.221154 0.0997596 0.0576923
32 0.777043 0.268029 0.126202 0.0841346
32 0.773438 0.344952 0.0901442 0.0841346
32 0.79387 0.506611 0.0973558 0.0805288
32 0.840144 0.304688 0.112981 0.0805288
32 0.885216 0.469351 0.106971 0.0733173
32 0.901442 0.257212 0.139423 0.0721154
32 0.903846 0.342548 0.144231 0.0985577
32 0.921875 0.501803 0.132212 0.0805288
32 0.93149 0.41887 0.137019 0.078125
