62 0.131611 0.557692 0.22476 0.322115
62 0.14363 0.408053 0.191106 0.195913
62 0.15625 0.313702 0.144231 0.165865
62 0.237981 0.373798 0.129808 0.137019
62 0.317909 0.415264 0.15024 0.171875
62 0.343149 0.545673 0.191106 0.177885
62 0.298077 0.183894 0.0817308 0.0793269
62 0.355168 0.132812 0.0564904 0.0829327
62 0.388822 0.185096 0.0853365 0.105769
62 0.415865 0.305288 0.134615 0.125
62 0.499399 0.0576923 0.277644 0.115385
62 0.433894 0.391827 0.137019 0.206731
62 0.434495 0.132812 0.0612981 0.0877404
62 0.464543 0.209736 0.121394 0.145433
62 0.514423 0.492188 0.173077 0.248798
62 0.516827 0.140625 0.0673077 0.0841346
62 0.536659 0.262019 0.0973558 0.134615
62 0.570913 0.328125 0.161058 0.0697115
62 0.557692 0.396034 0.129808 0.128606
62 0.557091 0.15024 0.0709135 0.09375
62 0.596154 0.201923 0.0865385 0.0817308
62 0.606971 0.237981 0.0697115 0.0865385
62 0.680889 0.519832 0.188702 0.155048
62 0.632812 0.136418 0.0733173 0.0997596
62 0.671875 0.283053 0.103365 0.11899
62 0.666466 0.207332 0.0877404 0.0877404
62 0.699519 0.359375 0.125 0.137019
62 0.705529 0.412861 0.132212 0.152644
62 0.762019 0.61899 0.192308 0.271635
62 0.725361 0.19351 0.0661058 0.09375
62 0.852764 0.751202 0.215144 0.21875
62 0.892428 0.876803 0.21274 0.24399
62 0.897837 0.078125 0.199519 0.15625
