44 0.76262 0.813702 0.145433 0.141827
44 0.0126202 0.496995 0.0252404 0.046875
44 0.0180288 0.740986 0.0360577 0.0829327
44 0.0378606 0.420072 0.0757212 0.0853365
44 0.0420673 0.618389 0.0841346 0.111779
44 0.0643029 0.346154 0.0949519 0.0673077
44 0.0949519 0.506611 0.112981 0.0853365
44 0.117188 0.75601 0.128606 0.132212
44 0.135216 0.410457 0.102163 0.0805288
44 0.168269 0.626803 0.125 0.114183
44 0.164062 0.338341 0.0877404 0.0661058
44 0.22476 0.516827 0.112981 0.0961538
44 0.254808 0.793269 0.134615 0.134615
44 0.244591 0.42488 0.104567 0.0805288
44 0.266827 0.354567 0.0913462 0.0697115
44 0.302284 0.642428 0.123798 0.121394
44 0.329928 0.531851 0.106971 0.0973558
44 0.355769 0.426683 0.115385 0.0985577
44 0.414062 0.796274 0.140625 0.145433
44 0.427885 0.646034 0.115385 0.123798
44 0.457933 0.525841 0.108173 0.104567
44 0.478365 0.427885 0.0961538 0.100962
44 0.563101 0.646034 0.121394 0.123798
44 0.566106 0.528245 0.112981 0.0997596
44 0.578125 0.807692 0.132212 0.134615
44 0.727163 0.519231 0.112981 0.100962
44 0.721154 0.405649 0.0961538 0.0853365
44 0.738582 0.647837 0.121394 0.122596
44 0.847957 0.412861 0.104567 0.0853365
44 0.866587 0.513221 0.112981 0.0985577
44 0.881611 0.640024 0.128606 0.121394
44 0.907452 0.781851 0.146635 0.15024
44 0.952524 0.402644 0.0925481 0.0985577
44 0.96875 0.510817 0.0625 0.103365
44 0.980168 0.628005 0.0372596 0.111779
