25 0.0667067 0.669471 0.133413 0.473558
25 0.146635 0.0721154 0.293269 0.144231
25 0.189904 0.947115 0.379808 0.100962
25 0.358173 0.350962 0.576923 0.572115
25 0.661058 0.789663 0.596154 0.420673
25 0.783654 0.16226 0.427885 0.324519
25 0.930889 0.549279 0.135817 0.449519
25 0.0667067 0.669471 0.133413 0.473558
25 0.146635 0.0721154 0.293269 0.144231
25 0.189904 0.947115 0.379808 0.100962
25 0.358173 0.350962 0.576923 0.572115
25 0.661058 0.789663 0.596154 0.420673
25 0.783654 0.16226 0.427885 0.324519
25 0.930889 0.549279 0.135817 0.449519
