26 0.0655048 0.295072 0.0300481 0.0372596
26 0.0799279 0.510817 0.0348558 0.0360577
26 0.128005 0.486779 0.0348558 0.0456731
26 0.231971 0.396034 0.0360577 0.046875
26 0.236178 0.75 0.0204327 0.0480769
26 0.314303 0.751202 0.0372596 0.0504808
26 0.323918 0.958534 0.0276442 0.0612981
26 0.341346 0.983774 0.0240385 0.0204327
26 0.352163 0.725361 0.0120192 0.0420673
26 0.397236 0.38101 0.0204327 0.0552885
26 0.547476 0.126803 0.0228365 0.0372596
26 0.551683 0.155649 0.0216346 0.0564904
26 0.659255 0.673077 0.0204327 0.0384615
26 0.676082 0.282452 0.0252404 0.0504808
26 0.695913 0.321514 0.0408654 0.0516827
26 0.752404 0.563702 0.0192308 0.0408654
26 0.753606 0.532452 0.0168269 0.03125
26 0.860577 0.0492788 0.0240385 0.03125
26 0.912861 0.222356 0.0228365 0.0360577
26 0.913462 0.179688 0.0192308 0.0372596
26 0.974159 0.677284 0.0204327 0.0612981
26 0.974159 0.408053 0.015625 0.0276442
26 0.987981 0.388221 0.0192308 0.0552885
