29 0.0991587 0.0420673 0.198317 0.0841346
29 0.047476 0.926082 0.0276442 0.0108173
29 0.140024 0.948918 0.0348558 0.0132212
29 0.149038 0.960337 0.0192308 0.0120192
29 0.15625 0.99399 0.0144231 0.00721154
29 0.173077 0.957933 0.0192308 0.0120192
29 0.20613 0.918269 0.0132212 0.0192308
29 0.210938 0.932692 0.0228365 0.0144231
29 0.216346 0.994591 0.0240385 0.00841346
29 0.273438 0.934495 0.0228365 0.0132212
29 0.304688 0.963341 0.0132212 0.0132212
29 0.307091 0.933894 0.0180288 0.0168269
29 0.313101 0.975962 0.0108173 0.00961538
29 0.335337 0.917668 0.0120192 0.0132212
29 0.34976 0.987981 0.0216346 0.00961538
29 0.351562 0.944712 0.015625 0.00961538
29 0.367788 0.975962 0.0192308 0.00961538
29 0.403846 0.926683 0.0144231 0.0168269
29 0.420673 0.984375 0.0192308 0.0216346
29 0.429087 0.993389 0.0168269 0.0108173
29 0.441106 0.957933 0.0120192 0.0120192
29 0.442909 0.975361 0.015625 0.00841346
29 0.46274 0.992788 0.0120192 0.00961538
29 0.477764 0.948317 0.0228365 0.0168269
29 0.478966 0.964543 0.0252404 0.0204327
29 0.486779 0.982572 0.0120192 0.00841346
29 0.495192 0.992788 0.0240385 0.00961538
29 0.506611 0.939904 0.0228365 0.00961538
29 0.512019 0.975962 0.0192308 0.0144231
29 0.513822 0.926082 0.0132212 0.015625
29 0.532452 0.950721 0.0216346 0.0168269
29 0.548077 0.963942 0.0192308 0.0192308
29 0.560697 0.990385 0.0204327 0.0192308
29 0.569111 0.921274 0.0180288 0.0204327
29 0.577524 0.977764 0.015625 0.0180288
29 0.59375 0.986178 0.0240385 0.0252404
29 0.602764 0.932091 0.0228365 0.0180288
29 0.602764 0.951322 0.0228365 0.0180288
29 0.606971 0.916466 0.00721154 0.015625
29 0.611178 0.994591 0.015625 0.00841346
29 0.632812 0.946514 0.0396635 0.0228365
29 0.632212 0.908654 0.0144231 0.0192308
29 0.646034 0.926082 0.0276442 0.015625
29 0.649038 0.966346 0.0192308 0.0144231
29 0.65024 0.913462 0.0120192 0.00961538
29 0.662861 0.979567 0.0276442 0.0168269
29 0.664062 0.949519 0.0204327 0.0192308
29 0.68149 0.946514 0.0168269 0.0132212
29 0.695312 0.989784 0.0444712 0.0180288
29 0.694111 0.961538 0.0132212 0.0144231
29 0.705529 0.948918 0.0216346 0.0132212
29 0.721755 0.963942 0.0300481 0.0240385
29 0.728365 0.990385 0.0384615 0.0144231
29 0.728966 0.91887 0.0252404 0.0204327
29 0.736178 0.885817 0.0252404 0.0120192
29 0.738582 0.939303 0.015625 0.0132212
29 0.744591 0.962139 0.0228365 0.0204327
29 0.749399 0.907452 0.0132212 0.0120192
29 0.752404 0.940505 0.0144231 0.0108173
29 0.75601 0.978966 0.0216346 0.0300481
29 0.76863 0.948918 0.0276442 0.0180288
29 0.769832 0.977163 0.0204327 0.03125
29 0.777043 0.905048 0.0108173 0.00721154
29 0.781851 0.952524 0.015625 0.015625
29 0.791466 0.98738 0.015625 0.0132212
29 0.795673 0.934495 0.0192308 0.0180288
29 0.798077 0.896635 0.0192308 0.00961538
29 0.894832 0.964543 0.207933 0.0685096
29 0.799279 0.91887 0.0120192 0.0108173
29 0.80649 0.90625 0.0168269 0.0144231
29 0.82512 0.911058 0.015625 0.00961538
29 0.850962 0.935096 0.0144231 0.00961538
29 0.876202 0.902644 0.0168269 0.00721154
29 0.891827 0.927885 0.0192308 0.00961538
29 0.890024 0.915865 0.0108173 0.00961538
29 0.941106 0.919471 0.0216346 0.0120192
29 0.957332 0.881611 0.0108173 0.00841346
29 0.991587 0.920673 0.0168269 0.0144231
