71 0.747596 0.746394 0.254808 0.271635
71 0.331731 0.769231 0.663462 0.456731
71 0.516827 0.592548 0.894231 0.526442
71 0.240385 0.291466 0.197115 0.0733173
71 0.26863 0.255409 0.176683 0.0588942
71 0.307091 0.228365 0.167067 0.0769231
71 0.423678 0.0811298 0.31851 0.152644
71 0.529447 0.129808 0.33774 0.134615
71 0.472356 0.32512 0.0793269 0.159856
71 0.533654 0.34976 0.0576923 0.15625
71 0.579928 0.35637 0.0637019 0.164663
71 0.654447 0.354567 0.0829327 0.15625
71 0.749399 0.40625 0.104567 0.1875
71 0.846154 0.426683 0.0865385 0.21875
71 0.929087 0.45613 0.0793269 0.229567
71 0.983774 0.459135 0.0300481 0.168269
