31 0.119591 0.425481 0.200721 0.1875
31 0.13762 0.584135 0.227163 0.25
31 0.176082 0.343149 0.159856 0.167067
31 0.235577 0.298077 0.0721154 0.158654
31 0.32512 0.126803 0.155048 0.157452
31 0.304087 0.510216 0.0793269 0.198317
31 0.427885 0.513221 0.201923 0.271635
31 0.464543 0.876202 0.179087 0.233173
31 0.500601 0.71274 0.198317 0.180288
31 0.509615 0.0973558 0.173077 0.185096
31 0.67488 0.415865 0.143029 0.259615
31 0.767428 0.321514 0.102163 0.263221
31 0.819712 0.664062 0.201923 0.174279
31 0.855168 0.344351 0.138221 0.188702
