25 0.346154 0.453125 0.259615 0.161058
25 0.409856 0.830529 0.819712 0.319712
25 0.41887 0.620192 0.789663 0.283654
25 0.173077 0.391226 0.225962 0.138221
25 0.339543 0.340745 0.155048 0.0853365
25 0.439303 0.209736 0.239183 0.145433
25 0.585337 0.386418 0.170673 0.109375
25 0.659856 0.428486 0.252404 0.145433
25 0.346154 0.453125 0.259615 0.161058
25 0.409856 0.830529 0.819712 0.319712
25 0.41887 0.620192 0.789663 0.283654
25 0.173077 0.391226 0.225962 0.138221
25 0.339543 0.340745 0.155048 0.0853365
25 0.439303 0.209736 0.239183 0.145433
25 0.585337 0.386418 0.170673 0.109375
25 0.659856 0.428486 0.252404 0.145433
