44 0.710938 0.192308 0.157452 0.211538
44 0.0384615 0.407452 0.0769231 0.194712
44 0.135216 0.64363 0.106971 0.123798
44 0.156851 0.807091 0.116587 0.171875
44 0.188702 0.519832 0.0697115 0.111779
44 0.264423 0.476562 0.182692 0.227163
44 0.344351 0.574519 0.0973558 0.125
44 0.371394 0.412861 0.112981 0.143029
44 0.402644 0.917668 0.161058 0.16226
44 0.449519 0.542067 0.0961538 0.161058
44 0.640625 0.300481 0.132212 0.163462
44 0.63101 0.540264 0.0985577 0.123798
44 0.705529 0.564303 0.09375 0.123798
44 0.75601 0.399038 0.0793269 0.144231
44 0.850962 0.0649038 0.0961538 0.129808
44 0.852163 0.934495 0.0649038 0.0805288
44 0.904447 0.453726 0.135817 0.176683
44 0.89363 0.96274 0.0757212 0.0745192
44 0.945913 0.891827 0.103365 0.139423
