18 0.589543 0.674279 0.453125 0.324519
18 0.0685096 0.266827 0.137019 0.153846
18 0.0727163 0.628606 0.145433 0.247596
18 0.257212 0.865385 0.514423 0.264423
18 0.238582 0.45613 0.352163 0.248798
18 0.235577 0.16226 0.302885 0.170673
18 0.410457 0.0576923 0.292067 0.115385
18 0.500601 0.317909 0.409856 0.231971
18 0.628606 0.0198317 0.213942 0.0396635
18 0.688702 0.168269 0.334135 0.173077
18 0.792067 0.465144 0.382212 0.242788
18 0.859976 0.0673077 0.277644 0.129808
18 0.881611 0.308894 0.234375 0.189904
18 0.589543 0.674279 0.453125 0.324519
18 0.0685096 0.266827 0.137019 0.153846
18 0.0727163 0.628606 0.145433 0.247596
18 0.257212 0.865385 0.514423 0.264423
18 0.238582 0.45613 0.352163 0.248798
18 0.235577 0.16226 0.302885 0.170673
18 0.410457 0.0576923 0.292067 0.115385
18 0.500601 0.317909 0.409856 0.231971
18 0.628606 0.0198317 0.213942 0.0396635
18 0.688702 0.168269 0.334135 0.173077
18 0.792067 0.465144 0.382212 0.242788
18 0.859976 0.0673077 0.277644 0.129808
18 0.881611 0.308894 0.234375 0.189904
18 0.589543 0.674279 0.453125 0.324519
18 0.0685096 0.266827 0.137019 0.153846
18 0.0727163 0.628606 0.145433 0.247596
18 0.257212 0.865385 0.514423 0.264423
18 0.238582 0.45613 0.352163 0.248798
18 0.235577 0.16226 0.302885 0.170673
18 0.410457 0.0576923 0.292067 0.115385
18 0.500601 0.317909 0.409856 0.231971
18 0.628606 0.0198317 0.213942 0.0396635
18 0.688702 0.168269 0.334135 0.173077
18 0.792067 0.465144 0.382212 0.242788
18 0.859976 0.0673077 0.277644 0.129808
18 0.881611 0.308894 0.234375 0.189904
