10 0.176683 0.626202 0.127404 0.271635
10 0.229567 0.391827 0.0889423 0.110577
10 0.260216 0.145433 0.0973558 0.21875
10 0.271635 0.846154 0.110577 0.182692
10 0.308293 0.772837 0.135817 0.290865
10 0.313702 0.274639 0.0408654 0.0733173
10 0.367788 0.558894 0.139423 0.257212
10 0.435697 0.865385 0.102163 0.206731
10 0.554688 0.944111 0.0757212 0.109375
10 0.602764 0.609375 0.0709135 0.108173
10 0.657452 0.259014 0.112981 0.191106
10 0.700721 0.755409 0.0985577 0.207933
10 0.760817 0.734375 0.127404 0.180288
10 0.760216 0.63101 0.0829327 0.117788
10 0.820312 0.366587 0.0829327 0.141827
