19 0.0360577 0.798678 0.0721154 0.0829327
19 0.0522837 0.883413 0.0901442 0.0793269
19 0.10637 0.0649038 0.0973558 0.115385
19 0.117188 0.760817 0.0853365 0.108173
19 0.142428 0.879808 0.111779 0.153846
19 0.169471 0.38762 0.0697115 0.0588942
19 0.204327 0.485577 0.139423 0.0961538
19 0.183293 0.0661058 0.0829327 0.117788
19 0.208534 0.340745 0.0949519 0.0564904
19 0.213341 0.726562 0.0853365 0.0877404
19 0.227764 0.25 0.109375 0.0913462
19 0.236178 0.0516827 0.0925481 0.0889423
19 0.248197 0.803486 0.116587 0.159856
19 0.239183 0.419471 0.0649038 0.0504808
19 0.259615 0.572115 0.0913462 0.0480769
19 0.26863 0.661659 0.0805288 0.0925481
19 0.317909 0.314303 0.106971 0.0901442
19 0.339543 0.0625 0.111779 0.0961538
19 0.342548 0.419471 0.112981 0.108173
19 0.353966 0.60637 0.126202 0.111779
19 0.346154 0.705529 0.0769231 0.0985577
19 0.353365 0.867188 0.0528846 0.191106
19 0.411058 0.184495 0.110577 0.128606
19 0.417668 0.86238 0.0661058 0.171875
19 0.439904 0.0588942 0.0576923 0.09375
19 0.464543 0.527043 0.0925481 0.13101
19 0.475962 0.896034 0.0721154 0.123798
19 0.464543 0.251803 0.0444712 0.11899
19 0.494591 0.71274 0.0757212 0.170673
19 0.509615 0.417668 0.0769231 0.0997596
19 0.503005 0.355769 0.0540865 0.0961538
19 0.528846 0.142428 0.0817308 0.106971
19 0.541466 0.573317 0.0925481 0.0649038
19 0.539663 0.911659 0.0793269 0.111779
19 0.536058 0.701923 0.0673077 0.110577
19 0.533654 0.235577 0.0432692 0.0528846
19 0.559495 0.490986 0.0516827 0.0588942
19 0.579928 0.246995 0.0829327 0.11899
19 0.615385 0.754207 0.110577 0.128606
19 0.626202 0.637019 0.112981 0.139423
19 0.614784 0.409856 0.0757212 0.0745192
19 0.621995 0.335337 0.0661058 0.0697115
19 0.638221 0.862981 0.0985577 0.0961538
19 0.639423 0.123197 0.100962 0.0973558
19 0.658053 0.959135 0.114183 0.0769231
19 0.689904 0.436298 0.0865385 0.132212
19 0.707933 0.842548 0.112981 0.137019
19 0.714543 0.707933 0.0877404 0.103365
19 0.73738 0.168269 0.0853365 0.134615
19 0.748798 0.563101 0.0793269 0.0925481
19 0.763221 0.933894 0.108173 0.127404
19 0.761418 0.278846 0.0661058 0.110577
19 0.768029 0.795072 0.0697115 0.0997596
19 0.763221 0.47476 0.0600962 0.0985577
19 0.807091 0.69351 0.11899 0.194712
19 0.819111 0.159856 0.0853365 0.117788
19 0.809495 0.783654 0.0612981 0.0769231
19 0.804688 0.38101 0.0372596 0.127404
19 0.822716 0.459736 0.0540865 0.106971
19 0.819111 0.575721 0.0420673 0.103365
19 0.841346 0.267428 0.0576923 0.0877404
