20 0.235577 0.655649 0.182692 0.325721
20 0.233173 0.516827 0.177885 0.115385
20 0.29988 0.639423 0.22476 0.365385
20 0.277644 0.30649 0.161058 0.146635
20 0.386418 0.385817 0.28726 0.560096
20 0.322716 0.457332 0.135817 0.308894
20 0.439904 0.334135 0.182692 0.596154
20 0.474159 0.664663 0.251202 0.122596
20 0.411058 0.733774 0.115385 0.33774
20 0.440505 0.801082 0.0637019 0.352163
20 0.501803 0.539062 0.143029 0.832933
20 0.527644 0.51863 0.165865 0.393029
20 0.60637 0.329928 0.21274 0.164663
20 0.56851 0.196514 0.0793269 0.16226
20 0.650841 0.423077 0.239183 0.254808
20 0.631611 0.591346 0.18149 0.456731
20 0.661058 0.289062 0.1875 0.198317
20 0.691707 0.594351 0.11899 0.15024
