18 0.495793 0.869591 0.078125 0.114183
18 0.153846 0.697716 0.274038 0.270433
18 0.316106 0.498798 0.185096 0.141827
18 0.41887 0.719952 0.347356 0.295673
18 0.501803 0.485577 0.16226 0.158654
18 0.761418 0.529447 0.325721 0.246394
18 0.817909 0.809495 0.356971 0.22476
18 0.495793 0.869591 0.078125 0.114183
18 0.153846 0.697716 0.274038 0.270433
18 0.316106 0.498798 0.185096 0.141827
18 0.41887 0.719952 0.347356 0.295673
18 0.501803 0.485577 0.16226 0.158654
18 0.761418 0.529447 0.325721 0.246394
18 0.817909 0.809495 0.356971 0.22476
18 0.495793 0.869591 0.078125 0.114183
18 0.153846 0.697716 0.274038 0.270433
18 0.316106 0.498798 0.185096 0.141827
18 0.41887 0.719952 0.347356 0.295673
18 0.501803 0.485577 0.16226 0.158654
18 0.761418 0.529447 0.325721 0.246394
18 0.817909 0.809495 0.356971 0.22476
