1 0.60637 0.628606 0.116587 0.112981
1 0.0204327 0.5625 0.0408654 0.0625
1 0.0204327 0.757212 0.0408654 0.0913462
1 0.0432692 0.606971 0.0769231 0.0649038
1 0.0961538 0.514423 0.0721154 0.0721154
1 0.124399 0.744591 0.0853365 0.0853365
1 0.141226 0.231971 0.114183 0.117788
1 0.183293 0.728966 0.0492788 0.078125
1 0.20613 0.261418 0.0901442 0.0853365
1 0.20012 0.53125 0.0396635 0.0288462
1 0.234976 0.0955529 0.0901442 0.0853365
1 0.346755 0.729567 0.0733173 0.0600962
1 0.371995 0.554688 0.0805288 0.0853365
1 0.401442 0.6875 0.0913462 0.100962
1 0.382812 0.848558 0.0492788 0.0576923
1 0.445913 0.472957 0.0985577 0.123798
1 0.503005 0.392428 0.121394 0.116587
1 0.525841 0.73137 0.0805288 0.078125
1 0.535457 0.853966 0.0420673 0.0492788
1 0.581731 0.831731 0.0528846 0.0769231
1 0.632212 0.29988 0.100962 0.104567
1 0.660457 0.856971 0.0324519 0.0264423
1 0.702524 0.315505 0.0733173 0.0540865
1 0.704928 0.759615 0.0685096 0.0576923
1 0.78726 0.939904 0.0216346 0.0192308
1 0.813702 0.939303 0.0168269 0.0228365
1 0.906851 0.899038 0.116587 0.110577
1 0.917668 0.807091 0.0324519 0.0324519
1 0.956731 0.59375 0.0865385 0.110577
1 0.977163 0.740385 0.0456731 0.110577
