49 0.0216346 0.523438 0.0336538 0.0661058
49 0.0186298 0.441707 0.0180288 0.046875
49 0.0691106 0.816106 0.0564904 0.127404
49 0.114784 0.572115 0.0564904 0.110577
49 0.16887 0.650841 0.0540865 0.0901442
49 0.214543 0.667668 0.0588942 0.104567
49 0.316707 0.0799279 0.0420673 0.0540865
49 0.341947 0.186298 0.0588942 0.103365
49 0.390024 0.789062 0.0540865 0.0925481
49 0.402644 0.832332 0.0408654 0.0588942
49 0.427284 0.763822 0.0516827 0.0757212
49 0.472957 0.769231 0.0372596 0.0961538
49 0.631611 0.402644 0.0420673 0.0697115
49 0.652644 0.548077 0.0408654 0.0528846
49 0.661058 0.272236 0.0384615 0.0444712
49 0.707332 0.722356 0.0588942 0.0552885
49 0.855769 0.884615 0.0673077 0.110577
49 0.845553 0.134615 0.0420673 0.0817308
49 0.891226 0.0120192 0.0228365 0.0240385
