26 0.336538 0.170673 0.0721154 0.110577
26 0.0685096 0.811298 0.0552885 0.122596
26 0.100361 0.581731 0.0516827 0.110577
26 0.161659 0.65024 0.0492788 0.0745192
26 0.21274 0.666466 0.0504808 0.106971
26 0.388221 0.787861 0.0504808 0.104567
26 0.397837 0.826923 0.03125 0.0817308
26 0.426082 0.760216 0.0444712 0.0925481
26 0.474159 0.778245 0.0252404 0.0805288
26 0.632812 0.417067 0.0444712 0.0745192
26 0.653846 0.554087 0.0432692 0.0600962
26 0.660457 0.274038 0.0372596 0.0625
26 0.708534 0.726562 0.0564904 0.078125
26 0.84976 0.125601 0.0456731 0.0733173
