75 0.143029 0.673678 0.286058 0.227163
75 0.162861 0.442909 0.24399 0.203125
75 0.323317 0.511418 0.122596 0.104567
75 0.439303 0.649038 0.229567 0.288462
75 0.420673 0.338341 0.125 0.123798
75 0.520433 0.433293 0.0889423 0.0540865
75 0.599159 0.820913 0.203125 0.161058
75 0.598558 0.212139 0.182692 0.13101
75 0.601562 0.094351 0.15024 0.078125
75 0.710337 0.435697 0.233173 0.183894
75 0.748798 0.123197 0.161058 0.0829327
75 0.849159 0.313101 0.207933 0.0973558
75 0.861178 0.773438 0.135817 0.114183
