18 0.0300481 0.564303 0.0600962 0.229567
18 0.100962 0.378606 0.201923 0.242788
18 0.201322 0.240385 0.258413 0.201923
18 0.26262 0.64363 0.304087 0.277644
18 0.389423 0.439904 0.269231 0.245192
18 0.483173 0.29988 0.225962 0.191106
18 0.61238 0.720553 0.354567 0.292067
18 0.749399 0.496394 0.28726 0.242788
18 0.828125 0.355769 0.233173 0.225962
18 0.942909 0.786058 0.111779 0.283654
18 0.963942 0.553486 0.0721154 0.179087
18 0.0300481 0.564303 0.0600962 0.229567
18 0.100962 0.378606 0.201923 0.242788
18 0.201322 0.240385 0.258413 0.201923
18 0.26262 0.64363 0.304087 0.277644
18 0.389423 0.439904 0.269231 0.245192
18 0.483173 0.29988 0.225962 0.191106
18 0.61238 0.720553 0.354567 0.292067
18 0.749399 0.496394 0.28726 0.242788
18 0.828125 0.355769 0.233173 0.225962
18 0.942909 0.786058 0.111779 0.283654
18 0.963942 0.553486 0.0721154 0.179087
18 0.0300481 0.564303 0.0600962 0.229567
18 0.100962 0.378606 0.201923 0.242788
18 0.201322 0.240385 0.258413 0.201923
18 0.26262 0.64363 0.304087 0.277644
18 0.389423 0.439904 0.269231 0.245192
18 0.483173 0.29988 0.225962 0.191106
18 0.61238 0.720553 0.354567 0.292067
18 0.749399 0.496394 0.28726 0.242788
18 0.828125 0.355769 0.233173 0.225962
18 0.942909 0.786058 0.111779 0.283654
18 0.963942 0.553486 0.0721154 0.179087
