18 0.271034 0.70012 0.397837 0.356971
18 0.137019 0.441106 0.274038 0.295673
18 0.163462 0.268029 0.283654 0.295673
18 0.407452 0.154447 0.286058 0.270433
18 0.401442 0.426683 0.197115 0.223558
18 0.528846 0.533053 0.216346 0.215144
18 0.625601 0.768029 0.405048 0.353365
18 0.53726 0.332933 0.199519 0.209135
18 0.685697 0.157452 0.260817 0.28125
18 0.658053 0.448918 0.186298 0.215144
18 0.854567 0.304688 0.290865 0.28726
18 0.85637 0.567308 0.284856 0.346154
18 0.271034 0.70012 0.397837 0.356971
18 0.137019 0.441106 0.274038 0.295673
18 0.163462 0.268029 0.283654 0.295673
18 0.407452 0.154447 0.286058 0.270433
18 0.401442 0.426683 0.197115 0.223558
18 0.528846 0.533053 0.216346 0.215144
18 0.625601 0.768029 0.405048 0.353365
18 0.53726 0.332933 0.199519 0.209135
18 0.685697 0.157452 0.260817 0.28125
18 0.658053 0.448918 0.186298 0.215144
18 0.854567 0.304688 0.290865 0.28726
18 0.85637 0.567308 0.284856 0.346154
18 0.271034 0.70012 0.397837 0.356971
18 0.137019 0.441106 0.274038 0.295673
18 0.163462 0.268029 0.283654 0.295673
18 0.407452 0.154447 0.286058 0.270433
18 0.401442 0.426683 0.197115 0.223558
18 0.528846 0.533053 0.216346 0.215144
18 0.625601 0.768029 0.405048 0.353365
18 0.53726 0.332933 0.199519 0.209135
18 0.685697 0.157452 0.260817 0.28125
18 0.658053 0.448918 0.186298 0.215144
18 0.854567 0.304688 0.290865 0.28726
18 0.85637 0.567308 0.284856 0.346154
