62 0.644832 0.894231 0.121394 0.149038
62 0.504207 0.602764 0.989183 0.176683
62 0.0715144 0.628005 0.0516827 0.0588942
62 0.0763221 0.679087 0.0516827 0.0793269
62 0.100361 0.743389 0.0805288 0.0685096
62 0.145433 0.966346 0.117788 0.0673077
62 0.123798 0.815505 0.0697115 0.102163
62 0.175481 0.604567 0.0384615 0.0360577
62 0.213341 0.655048 0.0612981 0.0745192
62 0.199519 0.599159 0.0192308 0.0252404
62 0.268029 0.604567 0.0408654 0.0697115
62 0.34375 0.881611 0.0913462 0.147837
62 0.353966 0.796875 0.102163 0.09375
62 0.355168 0.700721 0.0612981 0.0889423
62 0.516827 0.778245 0.0336538 0.0709135
62 0.765024 0.698317 0.0588942 0.0745192
62 0.824519 0.623798 0.0432692 0.0552885
62 0.824519 0.670072 0.0432692 0.0612981
62 0.88101 0.626202 0.0408654 0.0456731
62 0.90625 0.646635 0.0432692 0.0528846
62 0.919471 0.603966 0.0360577 0.0300481
62 0.945312 0.810697 0.0877404 0.102163
62 0.951322 0.689303 0.0564904 0.0901442
62 0.986178 0.579928 0.0252404 0.0444712
