10 0.112981 0.409255 0.105769 0.159856
10 0.161659 0.324519 0.164663 0.120192
10 0.192308 0.533654 0.144231 0.168269
10 0.260817 0.672476 0.146635 0.167067
10 0.295072 0.866587 0.18149 0.141827
10 0.313101 0.519832 0.155048 0.155048
10 0.317909 0.285457 0.15024 0.167067
10 0.421274 0.371995 0.159856 0.205529
10 0.429688 0.720553 0.143029 0.272837
10 0.495793 0.932692 0.207933 0.125
10 0.53125 0.76863 0.173077 0.253606
10 0.527644 0.133413 0.122596 0.0745192
10 0.58113 0.307692 0.147837 0.206731
10 0.605168 0.530048 0.147837 0.271635
