63 0.0240385 0.352163 0.0480769 0.492788
63 0.0432692 0.764423 0.0865385 0.331731
63 0.0889423 0.539062 0.129808 0.606971
63 0.117788 0.376202 0.105769 0.752404
63 0.164663 0.432091 0.112981 0.643029
63 0.238582 0.618389 0.179087 0.69351
63 0.295072 0.465144 0.258413 0.747596
63 0.236178 0.257812 0.121394 0.515625
63 0.320913 0.433894 0.132212 0.53125
63 0.359375 0.316707 0.108173 0.489183
63 0.684495 0.832933 0.176683 0.290865
63 0.784255 0.603365 0.313702 0.274038
63 0.821514 0.896034 0.176683 0.205529
63 0.873197 0.816106 0.236779 0.257212
