14 0.137019 0.103365 0.274038 0.134615
14 0.0408654 0.501202 0.0817308 0.132212
14 0.185096 0.344952 0.370192 0.300481
14 0.185096 0.766827 0.370192 0.418269
14 0.265625 0.947115 0.252404 0.100962
14 0.433894 0.551683 0.550481 0.46875
14 0.386418 0.0588942 0.248798 0.117788
14 0.466346 0.224159 0.331731 0.251202
14 0.627404 0.811899 0.485577 0.373798
14 0.715144 0.125601 0.276442 0.183894
14 0.715745 0.661659 0.157452 0.13101
14 0.855769 0.652644 0.288462 0.310096
14 0.888822 0.28125 0.219952 0.274038
14 0.921274 0.876202 0.155048 0.137019
14 0.983774 0.442909 0.0300481 0.0637019
14 0.984976 0.5 0.0276442 0.0336538
