35 0.0486779 0.645433 0.0877404 0.127404
35 0.124399 0.646034 0.0612981 0.16226
35 0.189303 0.858774 0.104567 0.159856
35 0.183293 0.658053 0.0829327 0.16226
35 0.244591 0.627404 0.0757212 0.168269
35 0.293269 0.878005 0.120192 0.155048
35 0.316707 0.578726 0.0805288 0.0372596
35 0.677284 0.596755 0.643029 0.217548
35 0.423678 0.832332 0.121394 0.155048
35 0.513822 0.824519 0.0853365 0.168269
35 0.590144 0.830529 0.0841346 0.170673
35 0.665865 0.827524 0.0721154 0.15024
35 0.88101 0.781851 0.112981 0.159856
35 0.960337 0.781851 0.0697115 0.159856
35 0.984976 0.775841 0.0276442 0.123798
