18 0.141827 0.509615 0.149038 0.5625
18 0.236178 0.488582 0.116587 0.56851
18 0.314904 0.471154 0.125 0.524038
18 0.39363 0.471755 0.152644 0.56851
18 0.753005 0.467548 0.126202 0.545673
18 0.851562 0.498798 0.164663 0.574519
18 0.141827 0.509615 0.149038 0.5625
18 0.236178 0.488582 0.116587 0.56851
18 0.314904 0.471154 0.125 0.524038
18 0.39363 0.471755 0.152644 0.56851
18 0.753005 0.467548 0.126202 0.545673
18 0.851562 0.498798 0.164663 0.574519
18 0.141827 0.509615 0.149038 0.5625
18 0.236178 0.488582 0.116587 0.56851
18 0.314904 0.471154 0.125 0.524038
18 0.39363 0.471755 0.152644 0.56851
18 0.753005 0.467548 0.126202 0.545673
18 0.851562 0.498798 0.164663 0.574519
