7 0.0528846 0.774038 0.0625 0.302885
7 0.093149 0.524639 0.0324519 0.174279
7 0.122596 0.777043 0.0528846 0.265625
7 0.120192 0.425481 0.0384615 0.110577
7 0.131611 0.591947 0.0420673 0.260817
7 0.166466 0.777043 0.0588942 0.260817
7 0.174279 0.566106 0.0408654 0.199519
7 0.320312 0.308894 0.313702 0.194712
7 0.207933 0.58774 0.0456731 0.180288
7 0.210938 0.753005 0.0324519 0.25601
7 0.240986 0.578125 0.0396635 0.209135
7 0.242188 0.717548 0.0324519 0.223558
7 0.273438 0.751202 0.0420673 0.21875
7 0.323918 0.749399 0.0612981 0.248798
7 0.352764 0.478365 0.046875 0.216346
7 0.34976 0.738582 0.0216346 0.227163
7 0.38762 0.730168 0.0588942 0.239183
7 0.405649 0.484976 0.046875 0.253606
7 0.449519 0.469952 0.0480769 0.21875
7 0.451923 0.735577 0.0480769 0.192308
7 0.490986 0.710337 0.0637019 0.213942
7 0.494591 0.432091 0.0420673 0.24399
7 0.552284 0.445312 0.0372596 0.251202
7 0.595553 0.29988 0.0324519 0.147837
7 0.597356 0.432091 0.0360577 0.248798
7 0.614784 0.704928 0.0564904 0.241587
7 0.641827 0.448317 0.0528846 0.276442
7 0.652644 0.691707 0.0504808 0.239183
7 0.684495 0.323918 0.0324519 0.147837
7 0.689904 0.698918 0.0432692 0.239183
7 0.716346 0.477163 0.0432692 0.21875
7 0.730168 0.696514 0.0420673 0.22476
7 0.740986 0.305288 0.0396635 0.177885
7 0.748798 0.471154 0.0504808 0.211538
7 0.774639 0.691106 0.0396635 0.223558
7 0.78125 0.295072 0.0192308 0.138221
7 0.817308 0.671274 0.0432692 0.169471
7 0.81851 0.439904 0.0408654 0.211538
7 0.849159 0.467548 0.0348558 0.194712
7 0.859375 0.668269 0.0408654 0.192308
7 0.908053 0.66226 0.0516827 0.213942
7 0.947716 0.680889 0.0396635 0.251202
