60 0.0378606 0.378606 0.0564904 0.0264423
60 0.107572 0.939904 0.195913 0.110577
60 0.030649 0.206731 0.0372596 0.0480769
60 0.102764 0.742788 0.0949519 0.0769231
60 0.100361 0.376803 0.0661058 0.0420673
60 0.117788 0.244591 0.0480769 0.0420673
60 0.197716 0.667668 0.188702 0.109375
60 0.144231 0.298077 0.0432692 0.0480769
60 0.353966 0.458534 0.390625 0.191106
60 0.315505 0.136418 0.183894 0.104567
60 0.294471 0.763822 0.0745192 0.104567
60 0.302885 0.981971 0.0721154 0.0360577
60 0.433894 0.778846 0.151442 0.177885
60 0.452524 0.0913462 0.0588942 0.0480769
60 0.46875 0.682091 0.0576923 0.0612981
60 0.494591 0.721755 0.0661058 0.0733173
60 0.515024 0.630409 0.078125 0.0925481
60 0.587139 0.63101 0.0829327 0.0841346
60 0.615986 0.546274 0.0829327 0.0733173
60 0.602163 0.80649 0.0456731 0.0745192
60 0.650841 0.254207 0.0564904 0.046875
60 0.694111 0.0673077 0.0709135 0.0721154
60 0.748197 0.16887 0.0685096 0.0588942
60 0.805889 0.713942 0.0733173 0.0625
60 0.808894 0.149038 0.0697115 0.0480769
60 0.828726 0.222957 0.0564904 0.0564904
60 0.875601 0.813702 0.0637019 0.0456731
60 0.896635 0.246995 0.0721154 0.0516827
60 0.92488 0.890625 0.0612981 0.0456731
60 0.935096 0.195312 0.0480769 0.0588942
60 0.947115 0.752404 0.0673077 0.0817308
60 0.947716 0.620793 0.0637019 0.0829327
