45 0.0420673 0.585337 0.0841346 0.132212
45 0.0913462 0.546875 0.0865385 0.112981
45 0.174279 0.347356 0.141827 0.151442
45 0.144832 0.73738 0.078125 0.0805288
45 0.214543 0.748798 0.078125 0.0841346
45 0.261418 0.207933 0.133413 0.151442
45 0.329327 0.605168 0.00961538 0.0132212
45 0.350361 0.636418 0.00841346 0.00841346
45 0.353365 0.606971 0.00961538 0.00721154
45 0.357572 0.583534 0.00841346 0.0132212
45 0.361178 0.608173 0.00600962 0.00961538
45 0.390024 0.611178 0.0108173 0.015625
45 0.41226 0.59375 0.0120192 0.00961538
45 0.413462 0.608173 0.00961538 0.00961538
45 0.489183 0.707933 0.146635 0.204327
45 0.426683 0.589543 0.0120192 0.0108173
45 0.533654 0.795673 0.00961538 0.00961538
45 0.531851 0.807692 0.00600962 0.0144231
45 0.727764 0.944712 0.0132212 0.0192308
45 0.734375 0.933894 0.0120192 0.0168269
45 0.753005 0.974159 0.015625 0.015625
45 0.761418 0.973558 0.00841346 0.0144231
45 0.771034 0.767428 0.00841346 0.0108173
45 0.82512 0.995192 0.0204327 0.00961538
45 0.833534 0.76863 0.0132212 0.0132212
45 0.842548 0.760216 0.0120192 0.0108173
45 0.876202 0.766226 0.00721154 0.00841346
45 0.882212 0.930889 0.00961538 0.015625
45 0.894231 0.990986 0.0144231 0.015625
45 0.894231 0.892428 0.00961538 0.015625
45 0.894231 0.974159 0.00961538 0.015625
45 0.905048 0.911659 0.00721154 0.0108173
45 0.915865 0.800481 0.00961538 0.0144231
45 0.920072 0.978365 0.0132212 0.0144231
45 0.92488 0.983774 0.0132212 0.0108173
45 0.924279 0.726562 0.00721154 0.0108173
45 0.97476 0.771635 0.00721154 0.0240385
45 0.995192 0.778846 0.00961538 0.0144231
