26 0.0252404 0.66226 0.0264423 0.0456731
26 0.0751202 0.603966 0.0252404 0.0396635
26 0.0991587 0.571514 0.0300481 0.0324519
26 0.109375 0.427885 0.0264423 0.0288462
26 0.123798 0.776442 0.0168269 0.0384615
26 0.147236 0.529447 0.0348558 0.0492788
26 0.188101 0.570312 0.0252404 0.0348558
26 0.204928 0.392428 0.0204327 0.0396635
26 0.207933 0.186899 0.0216346 0.0324519
26 0.216346 0.461538 0.0336538 0.0528846
26 0.239183 0.557091 0.0408654 0.0276442
26 0.27524 0.0456731 0.0264423 0.0384615
26 0.278245 0.945913 0.0276442 0.0456731
26 0.283654 0.0973558 0.0288462 0.0504808
26 0.284856 0.128005 0.0216346 0.0348558
26 0.291466 0.015625 0.0300481 0.03125
26 0.317308 0.98137 0.0240385 0.0348558
26 0.333534 0.84976 0.0324519 0.0552885
26 0.346154 0.109976 0.0192308 0.0420673
26 0.355168 0.129207 0.0180288 0.046875
26 0.382812 0.152043 0.015625 0.0252404
26 0.403245 0.167067 0.0228365 0.0264423
26 0.439303 0.147236 0.0228365 0.0348558
26 0.464543 0.122596 0.0300481 0.0480769
26 0.566106 0.635817 0.0264423 0.0360577
26 0.617188 0.572716 0.0324519 0.0396635
26 0.620793 0.609976 0.0348558 0.0276442
26 0.63101 0.694111 0.0168269 0.0516827
26 0.673678 0.551082 0.0252404 0.0396635
26 0.709736 0.531851 0.0348558 0.0588942
26 0.722356 0.841947 0.0456731 0.0588942
26 0.756611 0.837139 0.0324519 0.0444712
26 0.769231 0.614183 0.0336538 0.0456731
26 0.790865 0.559495 0.0240385 0.0564904
26 0.822716 0.512019 0.0204327 0.0528846
26 0.834135 0.635817 0.0240385 0.0360577
26 0.850962 0.491587 0.0192308 0.0360577
26 0.862981 0.676683 0.0336538 0.0360577
26 0.860577 0.611779 0.0144231 0.0360577
26 0.871394 0.895433 0.0264423 0.0600962
