31 0.946514 0.274038 0.0805288 0.134615
31 0.0564904 0.701923 0.112981 0.567308
31 0.108173 0.304688 0.216346 0.335337
31 0.145433 0.0973558 0.290865 0.194712
31 0.234375 0.721755 0.295673 0.52524
31 0.285457 0.301683 0.24399 0.324519
31 0.347356 0.109375 0.194712 0.21875
31 0.543269 0.747596 0.298077 0.495192
31 0.535457 0.365385 0.229567 0.370192
31 0.549279 0.103966 0.175481 0.207933
31 0.74399 0.141827 0.209135 0.283654
31 0.804688 0.386418 0.263221 0.388221
31 0.845553 0.749399 0.292067 0.498798
31 0.925481 0.146635 0.149038 0.293269
31 0.939303 0.429087 0.0949519 0.420673
