18 0.647236 0.788462 0.0973558 0.110577
18 0.659255 0.652644 0.0877404 0.108173
18 0.719952 0.739183 0.0889423 0.127404
18 0.755409 0.880409 0.0925481 0.140625
18 0.764423 0.659255 0.0865385 0.102163
18 0.837139 0.75 0.0925481 0.134615
18 0.86238 0.905048 0.104567 0.137019
18 0.647236 0.788462 0.0973558 0.110577
18 0.659255 0.652644 0.0877404 0.108173
18 0.719952 0.739183 0.0889423 0.127404
18 0.755409 0.880409 0.0925481 0.140625
18 0.764423 0.659255 0.0865385 0.102163
18 0.837139 0.75 0.0925481 0.134615
18 0.86238 0.905048 0.104567 0.137019
18 0.647236 0.788462 0.0973558 0.110577
18 0.659255 0.652644 0.0877404 0.108173
18 0.719952 0.739183 0.0889423 0.127404
18 0.755409 0.880409 0.0925481 0.140625
18 0.764423 0.659255 0.0865385 0.102163
18 0.837139 0.75 0.0925481 0.134615
18 0.86238 0.905048 0.104567 0.137019
