57 0.0691106 0.576322 0.0420673 0.0372596
57 0.0961538 0.879207 0.0817308 0.0901442
57 0.134014 0.495793 0.046875 0.0396635
57 0.207933 0.626202 0.0600962 0.0552885
57 0.399038 0.332933 0.105769 0.127404
57 0.474159 0.613582 0.135817 0.13101
57 0.478365 0.694111 0.144231 0.109375
57 0.53125 0.509014 0.0913462 0.0949519
57 0.558293 0.177885 0.140625 0.153846
57 0.560697 0.704327 0.0444712 0.0625
57 0.617788 0.745192 0.0721154 0.0625
57 0.701322 0.460938 0.0997596 0.109375
57 0.758413 0.705529 0.122596 0.137019
57 0.796875 0.463341 0.117788 0.104567
57 0.888822 0.246995 0.104567 0.0997596
