79 0.144231 0.8125 0.288462 0.302885
79 0.450721 0.909255 0.319712 0.179087
79 0.532452 0.583534 0.213942 0.24399
79 0.752404 0.231971 0.0961538 0.151442
79 0.802284 0.346755 0.0516827 0.121394
79 0.813101 0.28726 0.0588942 0.0456731
79 0.819712 0.233173 0.0432692 0.0528846
79 0.83113 0.173678 0.0564904 0.0973558
79 0.879207 0.219351 0.0709135 0.0637019
79 0.878005 0.38101 0.0733173 0.0841346
79 0.863582 0.3125 0.0300481 0.0673077
79 0.914663 0.321514 0.0889423 0.123798
79 0.927885 0.439904 0.0673077 0.0528846
79 0.969351 0.299279 0.0588942 0.0600962
79 0.969351 0.352764 0.0588942 0.0420673
