77 0.0799279 0.26262 0.0733173 0.169471
77 0.200721 0.466346 0.276442 0.216346
77 0.23137 0.246995 0.231971 0.191106
77 0.468149 0.478365 0.258413 0.110577
77 0.376202 0.233774 0.0697115 0.207933
77 0.387019 0.592548 0.0913462 0.305288
77 0.430288 0.234976 0.0528846 0.210337
77 0.465745 0.600361 0.0805288 0.292067
77 0.500601 0.23137 0.0685096 0.198317
77 0.540865 0.590745 0.0865385 0.28726
77 0.531851 0.194111 0.0252404 0.0853365
77 0.555889 0.220553 0.0685096 0.210337
77 0.747596 0.5 0.336538 0.346154
77 0.632212 0.587139 0.0913462 0.33774
77 0.63762 0.215745 0.078125 0.219952
77 0.707933 0.214543 0.0600962 0.21274
77 0.776442 0.197115 0.0769231 0.221154
77 0.852764 0.218149 0.0853365 0.176683
