31 0.603966 0.299279 0.145433 0.0985577
31 0.364784 0.53726 0.186298 0.117788
31 0.404447 0.626803 0.164663 0.104567
31 0.442308 0.699519 0.177885 0.134615
31 0.491587 0.399639 0.137019 0.0733173
31 0.502404 0.483173 0.158654 0.0961538
31 0.539663 0.657452 0.09375 0.0697115
31 0.603365 0.73738 0.168269 0.147837
31 0.578726 0.615986 0.104567 0.0925481
31 0.611779 0.432692 0.132212 0.0817308
31 0.660457 0.519231 0.147837 0.120192
31 0.679087 0.335337 0.0793269 0.0985577
31 0.698918 0.449519 0.0853365 0.0913462
31 0.733173 0.390024 0.129808 0.0973558
31 0.720553 0.75 0.0997596 0.0913462
31 0.840144 0.741587 0.127404 0.0841346
