18 0.14363 0.45012 0.28726 0.169471
18 0.320913 0.58113 0.40625 0.205529
18 0.363582 0.358774 0.27524 0.145433
18 0.591346 0.816106 0.514423 0.314904
18 0.574519 0.452524 0.317308 0.179087
18 0.694111 0.340745 0.253606 0.11899
18 0.709736 0.258413 0.222356 0.0985577
18 0.822115 0.579327 0.355769 0.235577
18 0.90024 0.430889 0.199519 0.179087
18 0.902644 0.302284 0.194712 0.123798
18 0.14363 0.45012 0.28726 0.169471
18 0.320913 0.58113 0.40625 0.205529
18 0.363582 0.358774 0.27524 0.145433
18 0.591346 0.816106 0.514423 0.314904
18 0.574519 0.452524 0.317308 0.179087
18 0.694111 0.340745 0.253606 0.11899
18 0.709736 0.258413 0.222356 0.0985577
18 0.822115 0.579327 0.355769 0.235577
18 0.90024 0.430889 0.199519 0.179087
18 0.902644 0.302284 0.194712 0.123798
18 0.14363 0.45012 0.28726 0.169471
18 0.320913 0.58113 0.40625 0.205529
18 0.363582 0.358774 0.27524 0.145433
18 0.591346 0.816106 0.514423 0.314904
18 0.574519 0.452524 0.317308 0.179087
18 0.694111 0.340745 0.253606 0.11899
18 0.709736 0.258413 0.222356 0.0985577
18 0.822115 0.579327 0.355769 0.235577
18 0.90024 0.430889 0.199519 0.179087
18 0.902644 0.302284 0.194712 0.123798
