21 0.23738 0.70613 0.0757212 0.11899
21 0.295673 0.744591 0.0961538 0.138221
21 0.353365 0.724159 0.0673077 0.126202
21 0.513822 0.483173 0.0564904 0.105769
21 0.530649 0.623798 0.0853365 0.141827
21 0.579327 0.658654 0.0769231 0.144231
21 0.64363 0.627404 0.0805288 0.129808
21 0.638822 0.53726 0.0661058 0.0745192
21 0.695913 0.366587 0.0889423 0.189904
21 0.785457 0.397837 0.0901442 0.151442
21 0.775841 0.0456731 0.0661058 0.0913462
21 0.791466 0.338942 0.0925481 0.0865385
21 0.855769 0.138822 0.115385 0.109375
21 0.86899 0.0697115 0.112981 0.139423
