31 0.176683 0.334135 0.266827 0.153846
31 0.117788 0.792067 0.235577 0.108173
31 0.140625 0.716346 0.28125 0.115385
31 0.0600962 0.623197 0.0961538 0.0973558
31 0.147837 0.58774 0.266827 0.170673
31 0.0883413 0.265625 0.147837 0.108173
31 0.227764 0.519231 0.383413 0.225962
31 0.298077 0.805889 0.298077 0.116587
31 0.350962 0.694712 0.134615 0.144231
31 0.433894 0.251202 0.266827 0.15625
31 0.462139 0.864784 0.15024 0.128606
31 0.514423 0.786659 0.0961538 0.0637019
31 0.559495 0.402043 0.167067 0.0829327
31 0.668269 0.691707 0.206731 0.229567
31 0.766226 0.292067 0.16226 0.233173
31 0.861178 0.527043 0.106971 0.0877404
31 0.942308 0.505409 0.115385 0.183894
