25 0.213341 0.420072 0.248798 0.421875
25 0.330529 0.757812 0.362981 0.46274
25 0.349159 0.201923 0.289663 0.389423
25 0.507812 0.449519 0.284856 0.475962
25 0.609976 0.189303 0.268029 0.344952
25 0.705529 0.752404 0.362981 0.475962
25 0.783654 0.415264 0.302885 0.43149
25 0.213341 0.420072 0.248798 0.421875
25 0.330529 0.757812 0.362981 0.46274
25 0.349159 0.201923 0.289663 0.389423
25 0.507812 0.449519 0.284856 0.475962
25 0.609976 0.189303 0.268029 0.344952
25 0.705529 0.752404 0.362981 0.475962
25 0.783654 0.415264 0.302885 0.43149
