41 0.0372596 0.935096 0.0745192 0.0673077
41 0.0330529 0.914062 0.0324519 0.0204327
41 0.155048 0.982572 0.03125 0.0324519
41 0.183293 0.194111 0.0348558 0.0324519
41 0.192308 0.217548 0.00961538 0.0120192
41 0.213942 0.483173 0.0240385 0.0240385
41 0.247596 0.717548 0.0240385 0.03125
41 0.264423 0.739784 0.0144231 0.0276442
41 0.330529 0.251202 0.0504808 0.0408654
41 0.337139 0.271635 0.0637019 0.0528846
41 0.368389 0.0378606 0.0348558 0.0132212
41 0.373197 0.616587 0.0444712 0.0408654
41 0.396635 0.902043 0.0336538 0.0444712
41 0.407452 0.655649 0.0264423 0.0516827
41 0.427284 0.952524 0.0132212 0.0348558
41 0.766827 0.378606 0.177885 0.0985577
41 0.718149 0.911659 0.0757212 0.0637019
41 0.784255 0.964543 0.0925481 0.0685096
41 0.846154 0.419471 0.0576923 0.0841346
41 0.949519 0.0342548 0.0480769 0.0204327
