18 0.0871394 0.495192 0.0637019 0.0384615
18 0.0883413 0.566106 0.0516827 0.0456731
18 0.159255 0.480168 0.0733173 0.0372596
18 0.218149 0.645433 0.176683 0.108173
18 0.225962 0.496995 0.0721154 0.0372596
18 0.435096 0.72476 0.235577 0.0985577
18 0.619591 0.666466 0.171875 0.0829327
18 0.737981 0.630409 0.120192 0.0637019
18 0.835337 0.512019 0.0889423 0.0288462
18 0.865986 0.552284 0.078125 0.0612981
18 0.909856 0.500601 0.0697115 0.0348558
18 0.936298 0.563101 0.09375 0.0396635
18 0.932091 0.615986 0.0805288 0.0492788
18 0.0871394 0.495192 0.0637019 0.0384615
18 0.0883413 0.566106 0.0516827 0.0456731
18 0.159255 0.480168 0.0733173 0.0372596
18 0.218149 0.645433 0.176683 0.108173
18 0.225962 0.496995 0.0721154 0.0372596
18 0.435096 0.72476 0.235577 0.0985577
18 0.619591 0.666466 0.171875 0.0829327
18 0.737981 0.630409 0.120192 0.0637019
18 0.835337 0.512019 0.0889423 0.0288462
18 0.865986 0.552284 0.078125 0.0612981
18 0.909856 0.500601 0.0697115 0.0348558
18 0.936298 0.563101 0.09375 0.0396635
18 0.932091 0.615986 0.0805288 0.0492788
18 0.0871394 0.495192 0.0637019 0.0384615
18 0.0883413 0.566106 0.0516827 0.0456731
18 0.159255 0.480168 0.0733173 0.0372596
18 0.218149 0.645433 0.176683 0.108173
18 0.225962 0.496995 0.0721154 0.0372596
18 0.435096 0.72476 0.235577 0.0985577
18 0.619591 0.666466 0.171875 0.0829327
18 0.737981 0.630409 0.120192 0.0637019
18 0.835337 0.512019 0.0889423 0.0288462
18 0.865986 0.552284 0.078125 0.0612981
18 0.909856 0.500601 0.0697115 0.0348558
18 0.936298 0.563101 0.09375 0.0396635
18 0.932091 0.615986 0.0805288 0.0492788
