56 0.680288 0.784255 0.125 0.116587
56 0.144231 0.84375 0.182692 0.110577
56 0.167067 0.704327 0.175481 0.0721154
56 0.25601 0.710938 0.175481 0.0901442
56 0.324519 0.744591 0.105769 0.0372596
56 0.427885 0.757812 0.115385 0.0444712
56 0.48738 0.947716 0.0516827 0.0444712
56 0.504808 0.913462 0.0336538 0.0336538
56 0.552885 0.765024 0.129808 0.0588942
56 0.522236 0.946514 0.0492788 0.0516827
56 0.540865 0.91887 0.0384615 0.0444712
56 0.561298 0.958534 0.0456731 0.0516827
56 0.576923 0.928486 0.0384615 0.0396635
56 0.683894 0.975361 0.132212 0.046875
56 0.933894 0.933293 0.132212 0.13101
