33 0.605168 0.296875 0.330529 0.223558
33 0.492788 0.42488 0.100962 0.104567
33 0.496995 0.91226 0.0949519 0.122596
33 0.625601 0.774639 0.347356 0.25601
33 0.611178 0.420072 0.294471 0.11899
33 0.640024 0.90625 0.323317 0.125
33 0.635817 0.254808 0.305288 0.25
33 0.659856 0.727764 0.324519 0.28726
33 0.864183 0.117788 0.132212 0.153846
33 0.864183 0.185697 0.117788 0.0492788
33 0.858173 0.272837 0.100962 0.0456731
33 0.870192 0.230168 0.115385 0.0564904
33 0.884615 0.685096 0.0817308 0.173077
33 0.888221 0.813702 0.0841346 0.0745192
33 0.888221 0.868389 0.0793269 0.0492788
