57 0.0108173 0.753606 0.0216346 0.0600962
57 0.0348558 0.503005 0.0697115 0.174279
57 0.0757212 0.407452 0.0360577 0.0408654
57 0.0841346 0.26262 0.0480769 0.0637019
57 0.115385 0.215745 0.0769231 0.0949519
57 0.153846 0.707933 0.0576923 0.0600962
57 0.174279 0.198317 0.0841346 0.122596
57 0.210337 0.40024 0.0360577 0.0552885
57 0.23137 0.382212 0.0252404 0.0336538
57 0.245192 0.659255 0.0528846 0.0588942
57 0.273438 0.178486 0.0901442 0.102163
57 0.261418 0.230769 0.0661058 0.0673077
57 0.271034 0.84375 0.0709135 0.110577
57 0.288462 0.978365 0.0961538 0.0432692
57 0.287861 0.385216 0.0805288 0.116587
57 0.319712 0.653846 0.0673077 0.0769231
57 0.300481 0.596154 0.0240385 0.0288462
57 0.352163 0.71875 0.0456731 0.0673077
57 0.423077 0.79988 0.110577 0.16226
57 0.414062 0.513221 0.0637019 0.0745192
57 0.417668 0.58113 0.0564904 0.0564904
57 0.426683 0.103365 0.0649038 0.0769231
57 0.423077 0.696514 0.0432692 0.0516827
57 0.433293 0.510817 0.0492788 0.0889423
57 0.444712 0.631611 0.0288462 0.0372596
57 0.464543 0.19351 0.0685096 0.0889423
57 0.451322 0.384615 0.0420673 0.0673077
57 0.513221 0.577524 0.0841346 0.106971
57 0.507212 0.311899 0.0480769 0.0661058
57 0.519231 0.631611 0.0384615 0.046875
57 0.528245 0.379207 0.0324519 0.0420673
57 0.546274 0.301082 0.0348558 0.0540865
57 0.542067 0.352163 0.0216346 0.0456731
57 0.594351 0.723558 0.116587 0.158654
57 0.613582 0.45012 0.126202 0.140625
57 0.607572 0.20613 0.0564904 0.0757212
57 0.616587 0.333534 0.0408654 0.0709135
57 0.748798 0.505409 0.0649038 0.0973558
57 0.789062 0.560096 0.0637019 0.0673077
57 0.83113 0.0144231 0.0420673 0.0288462
57 0.847356 0.498798 0.0456731 0.0745192
57 0.909255 0.0600962 0.0685096 0.0769231
57 0.934495 0.159856 0.0757212 0.103365
