31 0.728365 0.500601 0.129808 0.217548
31 0.278245 0.521034 0.11899 0.200721
31 0.328125 0.406851 0.199519 0.21274
31 0.281851 0.599159 0.0829327 0.140625
31 0.377404 0.676082 0.153846 0.227163
31 0.364784 0.550481 0.123798 0.0865385
31 0.367788 0.796875 0.115385 0.165865
31 0.459736 0.853365 0.0877404 0.149038
31 0.483774 0.489784 0.135817 0.24399
31 0.470553 0.69351 0.0949519 0.180288
31 0.563101 0.823918 0.126202 0.205529
31 0.565505 0.355168 0.106971 0.16226
31 0.607572 0.673077 0.152644 0.235577
31 0.609976 0.508413 0.128606 0.161058
31 0.674279 0.426683 0.108173 0.146635
31 0.694111 0.658654 0.11899 0.225962
