31 0.594351 0.308894 0.236779 0.233173
31 0.128005 0.323918 0.21274 0.24399
31 0.11899 0.55649 0.189904 0.295673
31 0.160457 0.805889 0.22476 0.27524
31 0.208534 0.137019 0.205529 0.240385
31 0.286058 0.599159 0.206731 0.308894
31 0.340745 0.335337 0.200721 0.290865
31 0.390024 0.846154 0.217548 0.298077
31 0.396635 0.11899 0.206731 0.237981
31 0.494591 0.5625 0.24399 0.298077
31 0.579327 0.842548 0.264423 0.305288
31 0.602163 0.111178 0.209135 0.222356
31 0.798678 0.589543 0.33774 0.347356
31 0.789062 0.128606 0.21274 0.21875
31 0.807692 0.859375 0.240385 0.276442
31 0.829928 0.308894 0.260817 0.28125
