18 0.0564904 0.614784 0.112981 0.378606
18 0.0841346 0.236178 0.168269 0.19351
18 0.153846 0.280649 0.307692 0.133413
18 0.198317 0.919471 0.396635 0.15625
18 0.216947 0.406851 0.433894 0.222356
18 0.36238 0.764423 0.66226 0.466346
18 0.38101 0.466947 0.478365 0.222356
18 0.314303 0.16226 0.277644 0.141827
18 0.392428 0.250601 0.280048 0.116587
18 0.542668 0.292067 0.234375 0.170673
18 0.604567 0.167067 0.295673 0.15625
18 0.777043 0.669471 0.44351 0.40625
18 0.777043 0.434495 0.409856 0.253606
18 0.796274 0.88762 0.405048 0.222356
18 0.772837 0.248798 0.286058 0.170673
18 0.930889 0.361779 0.135817 0.137019
18 0.952524 0.23137 0.0925481 0.116587
18 0.975962 0.541466 0.0432692 0.179087
18 0.0564904 0.614784 0.112981 0.378606
18 0.0841346 0.236178 0.168269 0.19351
18 0.153846 0.280649 0.307692 0.133413
18 0.198317 0.919471 0.396635 0.15625
18 0.216947 0.406851 0.433894 0.222356
18 0.36238 0.764423 0.66226 0.466346
18 0.38101 0.466947 0.478365 0.222356
18 0.314303 0.16226 0.277644 0.141827
18 0.392428 0.250601 0.280048 0.116587
18 0.542668 0.292067 0.234375 0.170673
18 0.604567 0.167067 0.295673 0.15625
18 0.777043 0.669471 0.44351 0.40625
18 0.777043 0.434495 0.409856 0.253606
18 0.796274 0.88762 0.405048 0.222356
18 0.772837 0.248798 0.286058 0.170673
18 0.930889 0.361779 0.135817 0.137019
18 0.952524 0.23137 0.0925481 0.116587
18 0.975962 0.541466 0.0432692 0.179087
18 0.0564904 0.614784 0.112981 0.378606
18 0.0841346 0.236178 0.168269 0.19351
18 0.153846 0.280649 0.307692 0.133413
18 0.198317 0.919471 0.396635 0.15625
18 0.216947 0.406851 0.433894 0.222356
18 0.36238 0.764423 0.66226 0.466346
18 0.38101 0.466947 0.478365 0.222356
18 0.314303 0.16226 0.277644 0.141827
18 0.392428 0.250601 0.280048 0.116587
18 0.542668 0.292067 0.234375 0.170673
18 0.604567 0.167067 0.295673 0.15625
18 0.777043 0.669471 0.44351 0.40625
18 0.777043 0.434495 0.409856 0.253606
18 0.796274 0.88762 0.405048 0.222356
18 0.772837 0.248798 0.286058 0.170673
18 0.930889 0.361779 0.135817 0.137019
18 0.952524 0.23137 0.0925481 0.116587
18 0.975962 0.541466 0.0432692 0.179087
