18 0.108173 0.100962 0.216346 0.201923
18 0.207933 0.539062 0.310096 0.919471
18 0.450721 0.0949519 0.257212 0.189904
18 0.563702 0.460938 0.247596 0.393029
18 0.748798 0.805889 0.286058 0.385817
18 0.791466 0.0354567 0.183894 0.0709135
18 0.858774 0.33774 0.280048 0.545673
18 0.108173 0.100962 0.216346 0.201923
18 0.207933 0.539062 0.310096 0.919471
18 0.450721 0.0949519 0.257212 0.189904
18 0.563702 0.460938 0.247596 0.393029
18 0.748798 0.805889 0.286058 0.385817
18 0.791466 0.0354567 0.183894 0.0709135
18 0.858774 0.33774 0.280048 0.545673
18 0.108173 0.100962 0.216346 0.201923
18 0.207933 0.539062 0.310096 0.919471
18 0.450721 0.0949519 0.257212 0.189904
18 0.563702 0.460938 0.247596 0.393029
18 0.748798 0.805889 0.286058 0.385817
18 0.791466 0.0354567 0.183894 0.0709135
18 0.858774 0.33774 0.280048 0.545673
