1 0.641226 0.183894 0.0997596 0.09375
1 0.0444712 0.740986 0.0360577 0.0300481
1 0.172476 0.706731 0.0661058 0.0576923
1 0.213942 0.889423 0.0384615 0.0384615
1 0.279447 0.867188 0.0300481 0.0276442
1 0.294471 0.851562 0.0168269 0.015625
1 0.31851 0.501202 0.0408654 0.0264423
1 0.389423 0.48738 0.0673077 0.0661058
1 0.618389 0.572716 0.188702 0.33774
1 0.624399 0.881611 0.0661058 0.0612981
1 0.752404 0.559495 0.0384615 0.0420673
1 0.797476 0.576923 0.0564904 0.0480769
1 0.821514 0.25 0.0612981 0.0576923
1 0.833534 0.725361 0.0372596 0.0324519
1 0.864784 0.589543 0.0661058 0.0588942
1 0.864183 0.734375 0.03125 0.03125
1 0.873197 0.167668 0.0300481 0.0276442
1 0.897236 0.143029 0.0348558 0.0360577
1 0.941707 0.560697 0.0372596 0.0300481
1 0.948317 0.601562 0.0408654 0.0396635
