25 0.647236 0.267428 0.164663 0.376202
25 0.117188 0.745793 0.191106 0.395433
25 0.134615 0.236178 0.177885 0.40024
25 0.340745 0.243389 0.186298 0.376202
25 0.347356 0.738582 0.180288 0.40024
25 0.654447 0.750601 0.198317 0.385817
25 0.850962 0.251202 0.182692 0.372596
25 0.89363 0.733774 0.191106 0.409856
25 0.647236 0.267428 0.164663 0.376202
25 0.117188 0.745793 0.191106 0.395433
25 0.134615 0.236178 0.177885 0.40024
25 0.340745 0.243389 0.186298 0.376202
25 0.347356 0.738582 0.180288 0.40024
25 0.654447 0.750601 0.198317 0.385817
25 0.850962 0.251202 0.182692 0.372596
25 0.89363 0.733774 0.191106 0.409856
