31 0.28125 0.695913 0.153846 0.185096
31 0.0402644 0.549279 0.0805288 0.0841346
31 0.047476 0.650841 0.0949519 0.128606
31 0.0997596 0.697716 0.146635 0.179087
31 0.0895433 0.476562 0.121394 0.0829327
31 0.186298 0.520433 0.175481 0.180288
31 0.190505 0.430288 0.0829327 0.0769231
31 0.254207 0.444111 0.0757212 0.0853365
31 0.309495 0.459135 0.0949519 0.158654
31 0.358774 0.555288 0.140625 0.173077
31 0.358774 0.414062 0.0540865 0.0637019
31 0.41887 0.467548 0.140625 0.122596
31 0.498197 0.669471 0.145433 0.170673
31 0.494591 0.461538 0.109375 0.0721154
31 0.541466 0.546875 0.135817 0.132212
