25 0.225962 0.592548 0.216346 0.199519
25 0.234375 0.84375 0.228365 0.264423
25 0.194111 0.333534 0.138221 0.186298
25 0.512019 0.597957 0.221154 0.18149
25 0.519231 0.838942 0.221154 0.254808
25 0.48738 0.34375 0.138221 0.177885
25 0.773438 0.578726 0.205529 0.205529
25 0.801082 0.823918 0.227163 0.258413
25 0.78125 0.344952 0.139423 0.170673
25 0.225962 0.592548 0.216346 0.199519
25 0.234375 0.84375 0.228365 0.264423
25 0.194111 0.333534 0.138221 0.186298
25 0.512019 0.597957 0.221154 0.18149
25 0.519231 0.838942 0.221154 0.254808
25 0.48738 0.34375 0.138221 0.177885
25 0.773438 0.578726 0.205529 0.205529
25 0.801082 0.823918 0.227163 0.258413
25 0.78125 0.344952 0.139423 0.170673
