44 0.286659 0.252404 0.106971 0.0865385
44 0.0564904 0.105769 0.03125 0.0288462
44 0.0558894 0.144231 0.0252404 0.0288462
44 0.0703125 0.150841 0.0348558 0.0372596
44 0.106971 0.176683 0.0360577 0.03125
44 0.152644 0.208534 0.0360577 0.0276442
44 0.175481 0.200721 0.0336538 0.0408654
44 0.335337 0.121394 0.0360577 0.0360577
44 0.42488 0.61238 0.0997596 0.138221
44 0.397837 0.255409 0.0360577 0.0348558
44 0.45012 0.383413 0.0396635 0.0793269
44 0.58774 0.203726 0.233173 0.0564904
44 0.487981 0.449519 0.0336538 0.0240385
44 0.488582 0.167067 0.0348558 0.03125
44 0.514423 0.547476 0.0336538 0.0276442
44 0.662861 0.643029 0.229567 0.247596
44 0.694111 0.33113 0.191106 0.16226
