75 0.0180288 0.4375 0.0360577 0.0480769
75 0.03125 0.236779 0.0625 0.0793269
75 0.0402644 0.03125 0.0805288 0.0625
75 0.0763221 0.593149 0.152644 0.0564904
75 0.0763221 0.757812 0.152644 0.0733173
75 0.105769 0.870192 0.211538 0.144231
75 0.134615 0.840144 0.269231 0.15625
75 0.166466 0.482572 0.332933 0.186298
75 0.174279 0.639423 0.348558 0.163462
75 0.188702 0.358173 0.377404 0.0865385
75 0.195913 0.103966 0.391827 0.140625
75 0.155048 0.243389 0.305288 0.121394
75 0.198918 0.864183 0.36899 0.271635
75 0.215745 0.0240385 0.167067 0.0480769
75 0.266226 0.953726 0.0997596 0.0901442
75 0.43149 0.897236 0.430288 0.203125
75 0.434495 0.352163 0.311298 0.175481
75 0.436899 0.186298 0.311298 0.161058
75 0.365385 0.97476 0.125 0.0504808
75 0.470553 0.0528846 0.330529 0.105769
75 0.480168 0.535457 0.34976 0.171875
75 0.508413 0.713341 0.319712 0.176683
75 0.554688 0.444111 0.191106 0.128606
75 0.536058 0.822716 0.139423 0.0733173
75 0.733774 0.638822 0.52524 0.152644
75 0.546875 0.277644 0.127404 0.0889423
75 0.577524 0.0877404 0.188702 0.0745192
75 0.746394 0.207332 0.502404 0.159856
75 0.661659 0.80649 0.313702 0.141827
75 0.750601 0.0865385 0.491587 0.173077
75 0.678486 0.44351 0.241587 0.15625
75 0.782452 0.396034 0.430288 0.176683
75 0.685096 0.938101 0.197115 0.121394
75 0.695312 0.278245 0.203125 0.0709135
75 0.701322 0.0402644 0.11899 0.0516827
75 0.764423 0.729567 0.177885 0.0841346
75 0.838942 0.552284 0.302885 0.0564904
75 0.865986 0.890024 0.260817 0.217548
75 0.89363 0.529447 0.205529 0.0973558
75 0.907452 0.293269 0.180288 0.0384615
75 0.909856 0.0841346 0.175481 0.0721154
75 0.910457 0.799279 0.171875 0.180288
