31 0.183293 0.447115 0.0973558 0.144231
31 0.224159 0.559495 0.13101 0.123798
31 0.230769 0.251803 0.110577 0.104567
31 0.21274 0.346755 0.0600962 0.0925481
31 0.255409 0.671274 0.111779 0.121394
31 0.29988 0.170673 0.0949519 0.0913462
31 0.329928 0.698918 0.140625 0.200721
31 0.370793 0.120192 0.0973558 0.0769231
31 0.435096 0.741587 0.144231 0.194712
31 0.445312 0.0961538 0.0588942 0.0673077
31 0.527644 0.766226 0.137019 0.215144
31 0.520433 0.0895433 0.0841346 0.078125
31 0.600361 0.133413 0.0901442 0.103365
31 0.626202 0.721154 0.137019 0.225962
31 0.68149 0.154447 0.0841346 0.102163
31 0.717548 0.61899 0.122596 0.21875
31 0.724159 0.22476 0.111779 0.0985577
31 0.762019 0.550481 0.115385 0.197115
31 0.772837 0.410457 0.112981 0.143029
31 0.774639 0.330529 0.0925481 0.112981
