67 0.179087 0.453125 0.34375 0.237981
67 0.218149 0.779447 0.30649 0.40024
67 0.225962 0.225962 0.230769 0.370192
67 0.314904 0.165865 0.149038 0.298077
67 0.386418 0.108774 0.18149 0.217548
67 0.372596 0.853365 0.115385 0.293269
67 0.467548 0.864784 0.0985577 0.268029
67 0.512019 0.111178 0.105769 0.217548
67 0.571514 0.859976 0.191106 0.277644
67 0.598558 0.11899 0.0961538 0.237981
67 0.662861 0.850361 0.186298 0.296875
67 0.725962 0.162861 0.235577 0.296875
67 0.799279 0.777043 0.271635 0.289663
67 0.827524 0.287861 0.246394 0.253606
67 0.808293 0.621995 0.188702 0.24399
67 0.814303 0.421274 0.195913 0.241587
