56 0.567308 0.629808 0.149038 0.225962
56 0.155048 0.600962 0.132212 0.158654
56 0.205529 0.733774 0.137019 0.164663
56 0.26863 0.351562 0.0757212 0.15024
56 0.301082 0.832332 0.145433 0.183894
56 0.299279 0.484375 0.122596 0.165865
56 0.339543 0.169471 0.126202 0.151442
56 0.355168 0.307091 0.143029 0.22476
56 0.386418 0.0793269 0.152644 0.158654
56 0.408654 0.611178 0.139423 0.169471
56 0.434495 0.894832 0.143029 0.183894
56 0.482572 0.421875 0.157452 0.189904
56 0.555889 0.15625 0.164663 0.235577
56 0.578726 0.903245 0.143029 0.191106
56 0.641827 0.39363 0.149038 0.215144
56 0.666466 0.168269 0.106971 0.163462
56 0.704327 0.539663 0.129808 0.165865
56 0.716346 0.264423 0.129808 0.201923
56 0.738582 0.822115 0.145433 0.1875
56 0.741587 0.965745 0.146635 0.0661058
56 0.789663 0.165264 0.0745192 0.104567
56 0.823918 0.702524 0.133413 0.169471
56 0.822115 0.26863 0.0961538 0.123798
56 0.867188 0.561899 0.123798 0.167067
56 0.878606 0.402043 0.117788 0.145433
56 0.864183 0.198317 0.0841346 0.0889423
56 0.977163 0.167067 0.0456731 0.132212
56 0.983774 0.292067 0.0300481 0.117788
