73 0.621394 0.606971 0.175481 0.262019
73 0.046875 0.112981 0.09375 0.225962
73 0.0691106 0.353365 0.138221 0.307692
73 0.0793269 0.639423 0.158654 0.25
73 0.100361 0.875601 0.157452 0.236779
73 0.148438 0.0492788 0.171875 0.0985577
73 0.209736 0.197115 0.169471 0.274038
73 0.228365 0.460938 0.192308 0.248798
73 0.267428 0.716346 0.155048 0.302885
73 0.33113 0.930288 0.219952 0.139423
73 0.373798 0.316707 0.180288 0.219952
73 0.356971 0.0871394 0.137019 0.174279
73 0.411058 0.516226 0.134615 0.277644
73 0.478365 0.784255 0.192308 0.299279
73 0.47476 0.0396635 0.112981 0.0793269
73 0.497596 0.183293 0.153846 0.198317
73 0.542668 0.380409 0.133413 0.251202
73 0.749399 0.617788 0.498798 0.764423
73 0.614183 0.0805288 0.151442 0.161058
73 0.660457 0.241587 0.11899 0.271635
73 0.877404 0.0498798 0.100962 0.0997596
73 0.910457 0.101562 0.133413 0.198317
