26 0.346755 0.376202 0.174279 0.367788
26 0.0384615 0.86238 0.0769231 0.268029
26 0.0432692 0.421875 0.0865385 0.420673
26 0.094351 0.233173 0.15024 0.25
26 0.0973558 0.727163 0.117788 0.348558
26 0.0973558 0.942308 0.0793269 0.110577
26 0.157452 0.411659 0.137019 0.299279
26 0.223558 0.911058 0.168269 0.173077
26 0.242188 0.296875 0.0853365 0.141827
26 0.254207 0.525841 0.0853365 0.114183
26 0.253606 0.390625 0.0360577 0.175481
26 0.332933 0.969952 0.0600962 0.0552885
26 0.406851 0.787861 0.169471 0.407452
26 0.476562 0.917067 0.19351 0.161058
26 0.467548 0.250601 0.151442 0.352163
26 0.514423 0.640024 0.163462 0.438702
26 0.548678 0.380409 0.121394 0.145433
26 0.634014 0.840144 0.157452 0.314904
26 0.657452 0.497596 0.180288 0.389423
26 0.691106 0.289062 0.117788 0.135817
26 0.784255 0.71875 0.169471 0.389423
26 0.80649 0.942308 0.161058 0.110577
26 0.814904 0.417668 0.173077 0.268029
26 0.899639 0.660457 0.0829327 0.210337
26 0.935096 0.829928 0.129808 0.332933
26 0.957933 0.479567 0.0841346 0.324519
