14 0.948918 0.922476 0.0757212 0.104567
14 0.0120192 0.980168 0.0240385 0.0372596
14 0.0144231 0.888221 0.0288462 0.0745192
14 0.0829327 0.930889 0.0649038 0.0925481
14 0.0865385 0.358774 0.0480769 0.078125
14 0.110577 0.215144 0.0288462 0.0552885
14 0.138822 0.275841 0.0516827 0.0564904
14 0.141226 0.204327 0.0372596 0.0528846
14 0.215144 0.251202 0.0600962 0.03125
14 0.248798 0.571514 0.0697115 0.0757212
14 0.355769 0.964543 0.0721154 0.0685096
14 0.426683 0.251202 0.0552885 0.0649038
14 0.478365 0.563101 0.0673077 0.0733173
14 0.587139 0.499399 0.0492788 0.0661058
14 0.65024 0.58113 0.0985577 0.0997596
14 0.713942 0.513822 0.0769231 0.0949519
14 0.789062 0.54387 0.0685096 0.078125
14 0.788462 0.195913 0.0336538 0.0360577
14 0.814904 0.227764 0.0576923 0.0564904
14 0.833534 0.504207 0.0805288 0.0757212
14 0.821514 0.840144 0.0516827 0.0456731
14 0.820312 0.747596 0.0444712 0.0384615
14 0.849159 0.891226 0.0685096 0.0949519
14 0.855769 0.754207 0.0432692 0.0564904
14 0.893029 0.234976 0.0600962 0.0709135
14 0.908053 0.186899 0.0276442 0.046875
14 0.972957 0.829928 0.0516827 0.078125
