32 0.757212 0.722356 0.0865385 0.132212
32 0.0168269 0.126202 0.0336538 0.117788
32 0.0288462 0.58113 0.0576923 0.123798
32 0.0324519 0.439904 0.0649038 0.115385
32 0.0432692 0.896635 0.0865385 0.134615
32 0.0757212 0.660457 0.0985577 0.11899
32 0.0967548 0.539663 0.106971 0.112981
32 0.0973558 0.15625 0.0985577 0.115385
32 0.0991587 0.398438 0.0925481 0.11899
32 0.102764 0.286058 0.0997596 0.110577
32 0.105769 0.061899 0.0817308 0.0949519
32 0.125 0.910457 0.115385 0.143029
32 0.150841 0.744591 0.0805288 0.11899
32 0.162861 0.459135 0.0949519 0.110577
32 0.164062 0.61899 0.0877404 0.112981
32 0.175481 0.336538 0.0913462 0.115385
32 0.176683 0.207933 0.0889423 0.103365
32 0.243389 0.578726 0.0925481 0.128606
32 0.548077 0.491587 0.677885 0.983173
32 0.933894 0.297476 0.103365 0.128606
32 0.927284 0.494591 0.0805288 0.0997596
32 0.944712 0.169471 0.100962 0.132212
32 0.947716 0.753606 0.102163 0.132212
32 0.977764 0.0661058 0.0420673 0.103365
32 0.981971 0.253606 0.0360577 0.0985577
32 0.98738 0.551683 0.0228365 0.09375
