20 0.0432692 0.477163 0.0865385 0.367788
20 0.0510817 0.293269 0.102163 0.110577
20 0.119591 0.205529 0.239183 0.127404
20 0.21274 0.588942 0.425481 0.254808
20 0.0540865 0.444712 0.0889423 0.264423
20 0.0901442 0.732572 0.0985577 0.167067
20 0.0715144 0.150841 0.0564904 0.0805288
20 0.180889 0.396635 0.25601 0.110577
20 0.170673 0.291466 0.211538 0.13101
20 0.221154 0.497596 0.3125 0.216346
20 0.304087 0.701322 0.463942 0.268029
20 0.171274 0.119591 0.135817 0.143029
20 0.258413 0.658053 0.257212 0.143029
20 0.34375 0.870192 0.206731 0.259615
20 0.462139 0.785457 0.299279 0.147837
20 0.524639 0.859375 0.21274 0.0841346
20 0.596755 0.776442 0.203125 0.298077
