48 0.888221 0.32512 0.132212 0.554087
48 0.0396635 0.376202 0.0793269 0.646635
48 0.0522837 0.967548 0.104567 0.0649038
48 0.0456731 0.132212 0.0865385 0.192308
48 0.077524 0.0949519 0.0492788 0.122596
48 0.142428 0.409255 0.179087 0.621394
48 0.113582 0.0649038 0.0348558 0.0673077
48 0.149639 0.0558894 0.0444712 0.0637019
48 0.179087 0.987981 0.103365 0.0240385
48 0.179688 0.175481 0.0949519 0.177885
48 0.176082 0.0540865 0.0204327 0.0504808
48 0.212139 0.151442 0.0637019 0.153846
48 0.214543 0.109976 0.0588942 0.0901442
48 0.204327 0.0444712 0.0240385 0.0552885
48 0.284856 0.410457 0.15625 0.609375
48 0.215745 0.0414663 0.0132212 0.0492788
48 0.24399 0.0697115 0.0456731 0.0721154
48 0.298678 0.986779 0.111779 0.0264423
48 0.272236 0.0661058 0.0252404 0.0552885
48 0.317308 0.188101 0.100962 0.179087
48 0.28726 0.0528846 0.0264423 0.0432692
48 0.335938 0.139423 0.0997596 0.149038
48 0.338942 0.158053 0.0817308 0.157452
48 0.347957 0.103365 0.0805288 0.139423
48 0.368389 0.102764 0.0396635 0.133413
48 0.372596 0.0871394 0.0432692 0.106971
48 0.436298 0.409856 0.141827 0.612981
48 0.423077 0.983173 0.110577 0.0336538
48 0.41887 0.147236 0.0829327 0.111779
48 0.422476 0.112981 0.0661058 0.0913462
48 0.488582 0.077524 0.0396635 0.106971
48 0.498798 0.102163 0.0408654 0.151442
48 0.517428 0.129808 0.0540865 0.206731
48 0.515625 0.944111 0.0456731 0.0709135
48 0.580529 0.362981 0.161058 0.653846
48 0.546274 0.138221 0.0877404 0.213942
48 0.564303 0.972957 0.104567 0.0516827
48 0.630409 0.966947 0.0396635 0.0540865
48 0.641827 0.093149 0.0480769 0.138221
48 0.649639 0.102163 0.0588942 0.151442
48 0.688702 0.969351 0.112981 0.0588942
48 0.683293 0.123798 0.0829327 0.189904
48 0.725962 0.363582 0.163462 0.659856
48 0.805889 0.969351 0.116587 0.0588942
48 0.805889 0.115385 0.078125 0.177885
48 0.933894 0.916466 0.122596 0.164663
48 0.908053 0.874399 0.0661058 0.147837
48 0.939303 0.740986 0.0420673 0.155048
48 0.938101 0.598558 0.0396635 0.105769
48 0.942308 0.0907452 0.0432692 0.157452
48 0.962139 0.671274 0.0637019 0.145433
48 0.965144 0.191106 0.0649038 0.353365
48 0.965745 0.849159 0.0661058 0.227163
48 0.98738 0.297476 0.0228365 0.167067
