77 0.0709135 0.563702 0.103365 0.444712
77 0.078125 0.381611 0.15625 0.258413
77 0.0829327 0.222356 0.165865 0.276442
77 0.234976 0.195913 0.234375 0.338942
77 0.206731 0.524038 0.125 0.524038
77 0.310697 0.257812 0.217548 0.40024
77 0.325721 0.530649 0.117788 0.570913
77 0.344351 0.159856 0.15024 0.319712
77 0.464543 0.242788 0.236779 0.4375
77 0.478966 0.51863 0.140625 0.594952
77 0.503005 0.115986 0.174279 0.231971
77 0.576322 0.230168 0.253606 0.402644
77 0.702524 0.240385 0.236779 0.480769
77 0.658053 0.476562 0.133413 0.707933
77 0.82512 0.133413 0.155048 0.266827
77 0.869591 0.499399 0.147837 0.72476
77 0.935096 0.21274 0.125 0.425481
77 0.967548 0.0564904 0.0600962 0.112981
