1 0.0402644 0.52524 0.0612981 0.0697115
1 0.0198317 0.763221 0.015625 0.0216346
1 0.0769231 0.763822 0.0673077 0.0757212
1 0.0973558 0.940505 0.0552885 0.0829327
1 0.123197 0.349159 0.0492788 0.0733173
1 0.142428 0.817909 0.0540865 0.0685096
1 0.176683 0.36899 0.0649038 0.0889423
1 0.182091 0.795072 0.0228365 0.0564904
1 0.215144 0.789663 0.0456731 0.0697115
1 0.213341 0.850962 0.0372596 0.0528846
1 0.233774 0.292668 0.0348558 0.0661058
1 0.265625 0.348558 0.0504808 0.0721154
1 0.278245 0.279447 0.0564904 0.0925481
1 0.34976 0.661659 0.0504808 0.0685096
1 0.399038 0.644832 0.0432692 0.0829327
1 0.401442 0.486178 0.0432692 0.0733173
1 0.448918 0.552284 0.0324519 0.0564904
1 0.49399 0.400841 0.0456731 0.0661058
1 0.49399 0.676082 0.0360577 0.0444712
1 0.501803 0.799279 0.0276442 0.03125
1 0.678486 0.867788 0.289663 0.264423
1 0.742188 0.450721 0.0420673 0.0697115
1 0.884615 0.734375 0.0432692 0.0600962
