44 0.345553 0.112981 0.0420673 0.0817308
44 0.444111 0.541466 0.0997596 0.289663
44 0.438702 0.654447 0.0408654 0.0685096
44 0.486779 0.709135 0.0408654 0.0625
44 0.522236 0.373197 0.0348558 0.0733173
44 0.560096 0.469351 0.0384615 0.0685096
44 0.5625 0.286659 0.0384615 0.0685096
44 0.572716 0.531851 0.0396635 0.0733173
44 0.58113 0.323317 0.0228365 0.0408654
44 0.594351 0.43149 0.0348558 0.0649038
44 0.606971 0.501803 0.0408654 0.0805288
44 0.597957 0.294471 0.0228365 0.0600962
44 0.63101 0.301082 0.0360577 0.0685096
44 0.653846 0.675481 0.0384615 0.0673077
44 0.772236 0.710337 0.0396635 0.0649038
