35 0.207933 0.369591 0.0649038 0.0661058
35 0.277043 0.265625 0.0925481 0.0985577
35 0.289062 0.515625 0.106971 0.185096
35 0.310697 0.350962 0.0588942 0.100962
35 0.313101 0.67488 0.0588942 0.109375
35 0.388221 0.469952 0.0649038 0.0889423
35 0.467548 0.709736 0.103365 0.19351
35 0.463341 0.159856 0.0805288 0.0985577
35 0.465144 0.433293 0.0408654 0.0396635
35 0.509615 0.383413 0.0865385 0.141827
35 0.567909 0.234375 0.126202 0.112981
35 0.572115 0.698317 0.0625 0.0745192
35 0.618389 0.475361 0.0877404 0.104567
35 0.632812 0.357572 0.0540865 0.104567
35 0.688702 0.191106 0.117788 0.0745192
35 0.708534 0.600361 0.11899 0.147837
35 0.753606 0.364183 0.122596 0.132212
