20 0.119591 0.471154 0.16226 0.139423
20 0.0949519 0.460337 0.0745192 0.0408654
20 0.127404 0.569111 0.120192 0.128606
20 0.153245 0.487981 0.114183 0.0673077
20 0.167668 0.542067 0.0516827 0.0793269
20 0.216346 0.406851 0.110577 0.111779
20 0.282452 0.44351 0.199519 0.132212
20 0.260216 0.433894 0.15024 0.146635
20 0.220553 0.603365 0.0612981 0.0528846
20 0.213341 0.375601 0.0276442 0.0492788
20 0.235577 0.365385 0.0192308 0.0480769
20 0.272236 0.367788 0.0444712 0.0576923
20 0.328125 0.399639 0.117788 0.0925481
20 0.310096 0.341346 0.0336538 0.0625
20 0.382812 0.377404 0.0637019 0.0865385
