18 0.576923 0.712139 0.235577 0.106971
18 0.58113 0.503005 0.24399 0.116587
18 0.581731 0.61238 0.221154 0.109375
18 0.588341 0.390625 0.22476 0.122596
18 0.777644 0.638822 0.170673 0.239183
18 0.576923 0.712139 0.235577 0.106971
18 0.58113 0.503005 0.24399 0.116587
18 0.581731 0.61238 0.221154 0.109375
18 0.588341 0.390625 0.22476 0.122596
18 0.777644 0.638822 0.170673 0.239183
18 0.576923 0.712139 0.235577 0.106971
18 0.58113 0.503005 0.24399 0.116587
18 0.581731 0.61238 0.221154 0.109375
18 0.588341 0.390625 0.22476 0.122596
18 0.777644 0.638822 0.170673 0.239183
