31 0.779447 0.707332 0.116587 0.116587
31 0.0721154 0.573317 0.115385 0.141827
31 0.0853365 0.747596 0.0985577 0.129808
31 0.169471 0.728966 0.09375 0.155048
31 0.171274 0.554087 0.078125 0.141827
31 0.228365 0.89363 0.0865385 0.114183
31 0.25 0.540264 0.0769231 0.138221
31 0.259014 0.729567 0.0853365 0.141827
31 0.303486 0.887019 0.0685096 0.129808
31 0.329327 0.528245 0.0817308 0.143029
31 0.359375 0.70012 0.112981 0.145433
31 0.396034 0.879207 0.114183 0.138221
31 0.408053 0.537861 0.0757212 0.123798
31 0.442909 0.373798 0.0829327 0.117788
31 0.452524 0.0925481 0.0877404 0.0841346
31 0.441707 0.232572 0.0564904 0.114183
31 0.454327 0.695913 0.0721154 0.117788
31 0.496394 0.539062 0.108173 0.15024
31 0.493389 0.873197 0.0877404 0.116587
31 0.5 0.234976 0.0673077 0.123798
31 0.513221 0.390024 0.0600962 0.0973558
31 0.528245 0.704327 0.0805288 0.149038
31 0.533654 0.0799279 0.0721154 0.0637019
31 0.57512 0.861779 0.0877404 0.117788
31 0.560096 0.239183 0.0480769 0.112981
31 0.576322 0.381611 0.0709135 0.114183
31 0.602163 0.525841 0.103365 0.152644
31 0.596154 0.249399 0.0480769 0.109375
31 0.61238 0.695913 0.0757212 0.132212
31 0.626803 0.0925481 0.0805288 0.0841346
31 0.659255 0.39363 0.0925481 0.114183
31 0.65024 0.870192 0.0697115 0.105769
31 0.652644 0.253606 0.0649038 0.09375
31 0.684495 0.686899 0.0805288 0.114183
31 0.694111 0.533654 0.0805288 0.134615
31 0.713942 0.106971 0.0817308 0.0841346
31 0.713341 0.247596 0.0612981 0.110577
31 0.715745 0.868389 0.0564904 0.121394
31 0.738582 0.397837 0.0829327 0.132212
31 0.782452 0.544471 0.0985577 0.132212
31 0.774038 0.870793 0.0625 0.116587
31 0.775841 0.251803 0.0564904 0.0997596
31 0.798678 0.094351 0.0829327 0.106971
31 0.811899 0.408654 0.0709135 0.105769
31 0.834135 0.274639 0.0576923 0.0973558
31 0.841947 0.875601 0.0733173 0.106971
31 0.86899 0.548077 0.0793269 0.139423
31 0.868389 0.407452 0.0685096 0.127404
31 0.884014 0.691106 0.0853365 0.132212
31 0.869591 0.121995 0.0516827 0.0853365
31 0.898438 0.267428 0.0709135 0.126202
31 0.935096 0.417668 0.0625 0.109375
31 0.942909 0.546875 0.0637019 0.122596
