56 0.642428 0.338341 0.15024 0.186298
56 0.047476 0.569111 0.0949519 0.186298
56 0.0709135 0.344351 0.141827 0.155048
56 0.0270433 0.835938 0.0540865 0.191106
56 0.114784 0.173678 0.133413 0.135817
56 0.200721 0.850962 0.170673 0.221154
56 0.235577 0.579327 0.144231 0.177885
56 0.270433 0.353966 0.137019 0.13101
56 0.286659 0.176082 0.121394 0.126202
56 0.440505 0.856971 0.198317 0.21875
56 0.447115 0.570312 0.158654 0.188702
56 0.457933 0.355168 0.15625 0.143029
56 0.455529 0.176082 0.127404 0.126202
56 0.626803 0.19351 0.123798 0.112981
56 0.677284 0.576322 0.147837 0.176683
56 0.701322 0.846755 0.195913 0.217548
56 0.795072 0.18149 0.133413 0.122596
56 0.827524 0.354567 0.135817 0.137019
56 0.877404 0.575721 0.201923 0.175481
56 0.917668 0.835938 0.16226 0.258413
56 0.95012 0.195312 0.0973558 0.121394
56 0.971755 0.367188 0.0540865 0.138221
