26 0.511418 0.552284 0.210337 0.311298
26 0.128005 0.632212 0.174279 0.254808
26 0.138822 0.824519 0.195913 0.274038
26 0.155649 0.365385 0.171875 0.283654
26 0.209135 0.958534 0.115385 0.0805288
26 0.313101 0.516827 0.183894 0.254808
26 0.36238 0.732572 0.234375 0.258413
26 0.342548 0.297476 0.175481 0.258413
26 0.380409 0.888221 0.217548 0.223558
26 0.416466 0.441707 0.0348558 0.0853365
26 0.513221 0.341346 0.122596 0.129808
26 0.566707 0.919471 0.167067 0.161058
26 0.644832 0.368389 0.198317 0.207933
26 0.694712 0.566707 0.182692 0.268029
26 0.736178 0.90625 0.207933 0.177885
26 0.805288 0.93149 0.264423 0.137019
26 0.754207 0.394231 0.0805288 0.149038
26 0.829928 0.554087 0.15024 0.237981
26 0.820913 0.739784 0.122596 0.16226
26 0.916466 0.8125 0.159856 0.293269
