24 0.0997596 0.581731 0.199519 0.221154
24 0.178486 0.504207 0.284856 0.167067
24 0.305889 0.808293 0.438702 0.38101
24 0.465144 0.682091 0.377404 0.28726
24 0.38762 0.424279 0.198317 0.112981
24 0.460938 0.390024 0.219952 0.102163
24 0.526442 0.361178 0.197115 0.0925481
24 0.623798 0.557091 0.348558 0.210337
24 0.58113 0.323918 0.138221 0.0661058
24 0.61899 0.278245 0.122596 0.0612981
24 0.704327 0.487981 0.293269 0.139423
24 0.743389 0.438101 0.241587 0.135817
24 0.773438 0.382812 0.24399 0.0877404
24 0.779447 0.350962 0.21274 0.0769231
24 0.772236 0.227163 0.106971 0.0552885
24 0.785457 0.278846 0.133413 0.0721154
