35 0.226562 0.446514 0.198317 0.133413
35 0.239183 0.621995 0.199519 0.234375
35 0.25601 0.497596 0.117788 0.0865385
35 0.329327 0.387019 0.125 0.163462
35 0.394832 0.955529 0.140625 0.0841346
35 0.415865 0.435697 0.144231 0.19351
35 0.475962 0.59976 0.201923 0.213942
35 0.519832 0.326923 0.116587 0.144231
35 0.545673 0.842548 0.139423 0.165865
35 0.591947 0.757212 0.203125 0.129808
35 0.566106 0.391827 0.132212 0.129808
35 0.587139 0.489183 0.126202 0.189904
35 0.588341 0.293269 0.0997596 0.100962
35 0.739183 0.605769 0.199519 0.163462
35 0.746394 0.386418 0.21875 0.200721
35 0.700721 0.805288 0.0889423 0.105769
35 0.701923 0.469351 0.0865385 0.116587
