18 0.0649038 0.0264423 0.129808 0.0528846
18 0.0769231 0.453125 0.153846 0.627404
18 0.493389 0.542668 0.481971 0.68149
18 0.480168 0.0426683 0.277644 0.0853365
18 0.894832 0.0396635 0.207933 0.0793269
18 0.0649038 0.0264423 0.129808 0.0528846
18 0.0769231 0.453125 0.153846 0.627404
18 0.493389 0.542668 0.481971 0.68149
18 0.480168 0.0426683 0.277644 0.0853365
18 0.894832 0.0396635 0.207933 0.0793269
18 0.0649038 0.0264423 0.129808 0.0528846
18 0.0769231 0.453125 0.153846 0.627404
18 0.493389 0.542668 0.481971 0.68149
18 0.480168 0.0426683 0.277644 0.0853365
18 0.894832 0.0396635 0.207933 0.0793269
