19 0.135216 0.640625 0.217548 0.199519
19 0.18149 0.819111 0.266827 0.234375
19 0.288462 0.486779 0.240385 0.209135
19 0.324519 0.717548 0.240385 0.132212
19 0.361779 0.632812 0.242788 0.246394
19 0.402644 0.319111 0.189904 0.186298
19 0.430288 0.876202 0.245192 0.237981
19 0.537861 0.579928 0.22476 0.241587
19 0.518029 0.78125 0.175481 0.163462
19 0.552284 0.373197 0.219952 0.280048
19 0.657452 0.165264 0.21875 0.18149
19 0.685697 0.853365 0.241587 0.274038
19 0.647236 0.641827 0.0829327 0.115385
19 0.723558 0.520433 0.173077 0.189904
19 0.793269 0.716947 0.264423 0.270433
19 0.83113 0.61899 0.24399 0.199519
19 0.853966 0.250601 0.217548 0.179087
19 0.879808 0.0901442 0.225962 0.180288
