62 0.438101 0.736178 0.207933 0.433894
62 0.427284 0.378606 0.0420673 0.0456731
62 0.549279 0.722356 0.132212 0.324519
62 0.723558 0.699519 0.259615 0.413462
62 0.647236 0.375601 0.0396635 0.0396635
62 0.644832 0.27524 0.0348558 0.0456731
62 0.654447 0.242788 0.0348558 0.0336538
62 0.695312 0.334135 0.0348558 0.0288462
62 0.726562 0.490385 0.0492788 0.0384615
62 0.713942 0.248798 0.0192308 0.0360577
62 0.739784 0.251202 0.0324519 0.0408654
62 0.76262 0.49399 0.0396635 0.03125
62 0.784856 0.33113 0.0360577 0.046875
62 0.79387 0.42488 0.0540865 0.0564904
