28 0.0120192 0.215745 0.0240385 0.0901442
28 0.0132212 0.216346 0.0264423 0.0913462
28 0.0228365 0.846154 0.0408654 0.0480769
28 0.0252404 0.84375 0.0408654 0.0480769
28 0.0384615 0.729567 0.0576923 0.0600962
28 0.0576923 0.388221 0.0961538 0.132212
28 0.03125 0.808293 0.0384615 0.0348558
28 0.0330529 0.810096 0.0420673 0.0288462
28 0.0384615 0.352764 0.0288462 0.0516827
28 0.0637019 0.146034 0.0552885 0.0564904
28 0.0655048 0.146635 0.0540865 0.0528846
28 0.0805288 0.574519 0.0697115 0.0865385
28 0.0733173 0.358173 0.0504808 0.0721154
28 0.0853365 0.571514 0.0697115 0.0949519
28 0.115986 0.233173 0.126202 0.158654
28 0.115986 0.236178 0.121394 0.159856
28 0.0727163 0.417668 0.0300481 0.046875
28 0.102764 0.782452 0.0372596 0.0600962
28 0.105168 0.774639 0.0372596 0.0685096
28 0.121394 0.921875 0.03125 0.0552885
28 0.122596 0.923077 0.0288462 0.0480769
28 0.155048 0.724159 0.0600962 0.0829327
28 0.154447 0.732572 0.0588942 0.0805288
28 0.229567 0.728365 0.09375 0.0961538
28 0.209135 0.744591 0.0480769 0.0612981
28 0.229567 0.477163 0.0697115 0.103365
28 0.230769 0.477764 0.0673077 0.0997596
28 0.229567 0.721755 0.0408654 0.0588942
28 0.271635 0.0853365 0.0480769 0.0745192
28 0.272236 0.0817308 0.0444712 0.0769231
28 0.281851 0.46875 0.0540865 0.0769231
28 0.279447 0.466346 0.0444712 0.0817308
28 0.286058 0.559495 0.0432692 0.0661058
28 0.277043 0.860577 0.0252404 0.0480769
28 0.285457 0.563702 0.0420673 0.0552885
28 0.277043 0.861779 0.0252404 0.0600962
28 0.33113 0.746394 0.0805288 0.132212
28 0.33113 0.195913 0.0564904 0.0745192
28 0.325721 0.567909 0.0408654 0.078125
28 0.327524 0.567308 0.0444712 0.0769231
28 0.33113 0.191106 0.0516827 0.0697115
28 0.341346 0.844351 0.0336538 0.0637019
28 0.34375 0.841346 0.0336538 0.0721154
28 0.371394 0.493389 0.0649038 0.078125
28 0.391226 0.326322 0.0997596 0.0949519
28 0.396034 0.328125 0.104567 0.0985577
28 0.375 0.477163 0.0576923 0.108173
28 0.41226 0.424279 0.0841346 0.103365
28 0.411659 0.427284 0.0829327 0.0997596
28 0.430288 0.751803 0.0865385 0.138221
28 0.43149 0.75 0.0841346 0.139423
28 0.482572 0.730769 0.18149 0.408654
28 0.451923 0.642428 0.0817308 0.102163
28 0.452524 0.554087 0.0588942 0.0745192
28 0.457933 0.480168 0.0360577 0.0612981
28 0.457933 0.480769 0.0360577 0.0528846
28 0.479567 0.880409 0.0745192 0.116587
28 0.459736 0.0600962 0.0300481 0.0336538
28 0.481971 0.880409 0.0697115 0.121394
28 0.458534 0.0522837 0.0228365 0.0420673
28 0.496394 0.709135 0.0745192 0.125
28 0.492188 0.108173 0.0228365 0.0384615
28 0.53726 0.798077 0.0697115 0.0913462
28 0.545072 0.448918 0.0805288 0.0949519
28 0.538462 0.882212 0.0625 0.0769231
28 0.561899 0.655649 0.0853365 0.128606
28 0.561899 0.655048 0.0805288 0.132212
28 0.569111 0.376202 0.0805288 0.103365
28 0.571514 0.371995 0.0757212 0.0949519
28 0.591947 0.590144 0.0733173 0.09375
28 0.596755 0.582332 0.0829327 0.106971
28 0.609375 0.377404 0.0264423 0.0769231
28 0.61238 0.375601 0.0228365 0.0637019
28 0.633413 0.623798 0.0456731 0.0745192
28 0.634615 0.623798 0.0384615 0.0745192
28 0.651442 0.725361 0.0384615 0.0805288
28 0.652043 0.725962 0.0348558 0.0817308
28 0.659856 0.883413 0.0360577 0.0600962
28 0.659255 0.885216 0.0396635 0.0637019
28 0.685096 0.435096 0.0384615 0.0432692
28 0.694712 0.730769 0.0528846 0.0817308
28 0.694712 0.734976 0.0528846 0.0805288
28 0.69351 0.881611 0.0264423 0.0516827
28 0.69351 0.879808 0.0216346 0.0528846
28 0.725361 0.165865 0.0372596 0.0336538
28 0.721755 0.630409 0.0252404 0.0348558
28 0.722356 0.635216 0.0264423 0.0348558
28 0.724159 0.167067 0.0300481 0.03125
28 0.729567 0.969952 0.0360577 0.0600962
28 0.727163 0.279447 0.0264423 0.0396635
28 0.730769 0.969952 0.0336538 0.0600962
28 0.727163 0.276442 0.0216346 0.0288462
28 0.73738 0.583534 0.0276442 0.0420673
28 0.740986 0.584135 0.0300481 0.0432692
28 0.743389 0.933293 0.0252404 0.0348558
28 0.746394 0.930288 0.0264423 0.0480769
28 0.746995 0.648438 0.0276442 0.0372596
28 0.752404 0.896635 0.0336538 0.0480769
28 0.751803 0.897236 0.0324519 0.0444712
28 0.752404 0.653846 0.0240385 0.0432692
28 0.759615 0.149639 0.0336538 0.0396635
28 0.761418 0.149639 0.0372596 0.0444712
28 0.76262 0.542668 0.0396635 0.0420673
28 0.763221 0.545072 0.03125 0.0516827
28 0.769832 0.665865 0.0300481 0.0384615
28 0.772236 0.665264 0.0300481 0.046875
28 0.776442 0.933293 0.0336538 0.0588942
28 0.780048 0.564904 0.03125 0.0528846
28 0.777043 0.934495 0.0252404 0.0564904
28 0.783053 0.561899 0.0276442 0.0516827
28 0.796875 0.676683 0.03125 0.0504808
28 0.79988 0.679688 0.0372596 0.0420673
28 0.801683 0.09375 0.0360577 0.0384615
28 0.802885 0.0895433 0.0384615 0.0348558
28 0.804688 0.594351 0.0372596 0.0396635
28 0.802885 0.596755 0.0336538 0.0396635
28 0.809495 0.201322 0.0372596 0.0372596
28 0.811298 0.885817 0.0360577 0.0552885
28 0.810096 0.166466 0.0288462 0.0396635
28 0.811298 0.161659 0.03125 0.0444712
28 0.815505 0.88762 0.0348558 0.0588942
28 0.811899 0.202524 0.0276442 0.0300481
28 0.811899 0.971154 0.0276442 0.0480769
28 0.814303 0.971154 0.0276442 0.0528846
28 0.820913 0.727764 0.0264423 0.0372596
28 0.820913 0.730769 0.0264423 0.0384615
28 0.83774 0.983173 0.03125 0.0336538
28 0.839543 0.608774 0.0348558 0.0396635
28 0.840745 0.944712 0.0372596 0.0432692
28 0.840745 0.980769 0.0372596 0.0384615
28 0.84375 0.947115 0.0336538 0.0432692
28 0.884615 0.565505 0.0336538 0.0396635
28 0.884615 0.564303 0.0288462 0.046875
28 0.887019 0.637019 0.0288462 0.0480769
28 0.885817 0.644231 0.0216346 0.0528846
28 0.942909 0.954928 0.111779 0.0877404
28 0.942909 0.957332 0.111779 0.0829327
