31 0.326923 0.727163 0.110577 0.165865
31 0.0300481 0.782452 0.0600962 0.435096
31 0.159255 0.114183 0.102163 0.165865
31 0.16887 0.278846 0.0877404 0.201923
31 0.219952 0.432692 0.103365 0.221154
31 0.234976 0.655048 0.0997596 0.199519
31 0.272837 0.855168 0.165865 0.28726
31 0.239784 0.159856 0.0901442 0.180288
31 0.277043 0.299279 0.106971 0.194712
31 0.299279 0.0612981 0.127404 0.0985577
31 0.307692 0.442308 0.0528846 0.0913462
31 0.341947 0.188702 0.0973558 0.15625
31 0.367188 0.360577 0.104567 0.163462
31 0.398438 0.954928 0.0949519 0.0877404
31 0.412861 0.597356 0.114183 0.194712
31 0.414663 0.74399 0.0360577 0.0600962
31 0.451923 0.0805288 0.0769231 0.161058
31 0.457933 0.94351 0.0745192 0.108173
31 0.487981 0.767428 0.115385 0.222356
31 0.488582 0.171875 0.0973558 0.165865
31 0.514423 0.934495 0.120192 0.128606
31 0.523438 0.304087 0.11899 0.170673
31 0.539062 0.0829327 0.0973558 0.165865
31 0.561298 0.507812 0.0889423 0.183894
31 0.578726 0.209135 0.0901442 0.120192
31 0.588341 0.0715144 0.0853365 0.143029
31 0.592548 0.341346 0.0745192 0.0961538
31 0.620793 0.697716 0.102163 0.227163
31 0.637019 0.166466 0.0817308 0.135817
31 0.632812 0.509014 0.0588942 0.11899
31 0.674279 0.90625 0.132212 0.1875
31 0.667668 0.293269 0.114183 0.225962
31 0.684495 0.592548 0.104567 0.15625
31 0.716346 0.466947 0.100962 0.111779
31 0.727764 0.766827 0.123798 0.240385
31 0.787861 0.641827 0.0997596 0.211538
31 0.846154 0.83774 0.110577 0.242788
