19 0.0643029 0.41226 0.128606 0.170673
19 0.0691106 0.19351 0.138221 0.122596
19 0.16887 0.496995 0.179087 0.157452
19 0.177885 0.276442 0.149038 0.134615
19 0.177284 0.114183 0.138221 0.108173
19 0.27524 0.0384615 0.127404 0.0769231
19 0.295072 0.176082 0.138221 0.126202
19 0.315505 0.361779 0.155048 0.151442
19 0.364183 0.596755 0.189904 0.21274
19 0.383413 0.0835337 0.127404 0.0997596
19 0.421274 0.245192 0.145433 0.134615
19 0.483173 0.442308 0.182692 0.182692
19 0.506611 0.150841 0.138221 0.114183
19 0.557692 0.740385 0.216346 0.254808
19 0.569712 0.313702 0.158654 0.146635
19 0.667067 0.538462 0.189904 0.201923
19 0.644832 0.210337 0.145433 0.112981
19 0.737981 0.381611 0.173077 0.157452
19 0.781851 0.839543 0.227163 0.270433
19 0.787861 0.277043 0.152644 0.121394
19 0.853966 0.630409 0.19351 0.217548
19 0.905048 0.472957 0.165865 0.171875
19 0.9375 0.349159 0.125 0.13101
