19 0.18149 0.365986 0.180288 0.116587
19 0.188702 0.611779 0.146635 0.122596
19 0.1875 0.475962 0.134615 0.0865385
19 0.396034 0.213341 0.0516827 0.0901442
19 0.433894 0.319111 0.0889423 0.0805288
19 0.460337 0.208534 0.0745192 0.0805288
19 0.471154 0.420072 0.0913462 0.0901442
19 0.667067 0.844952 0.175481 0.122596
19 0.713341 0.539663 0.18149 0.228365
19 0.728365 0.755409 0.177885 0.116587
19 0.745793 0.423077 0.155048 0.0817308
19 0.736779 0.220553 0.0552885 0.0757212
19 0.760216 0.323918 0.0829327 0.0757212
19 0.813101 0.222957 0.0877404 0.0709135
