44 0.0144231 0.0649038 0.0288462 0.0240385
44 0.0180288 0.401442 0.0360577 0.0288462
44 0.0186298 0.435697 0.0372596 0.0492788
44 0.0288462 0.192308 0.0576923 0.0288462
44 0.0576923 0.0384615 0.0576923 0.0769231
44 0.0637019 0.564904 0.0552885 0.0576923
44 0.061899 0.542067 0.046875 0.0456731
44 0.0853365 0.897837 0.0649038 0.0649038
44 0.077524 0.146034 0.0396635 0.109375
44 0.105769 0.902043 0.0769231 0.0637019
44 0.0991587 0.0673077 0.015625 0.0288462
44 0.101562 0.154447 0.0204327 0.102163
44 0.104567 0.031851 0.0168269 0.0300481
44 0.13101 0.766226 0.0600962 0.0661058
44 0.159255 0.0534856 0.102163 0.0348558
44 0.152644 0.778245 0.0841346 0.0612981
44 0.152043 0.430889 0.0877404 0.0540865
44 0.153846 0.405048 0.0817308 0.0360577
44 0.170673 0.188101 0.0913462 0.0300481
44 0.204928 0.567308 0.0444712 0.0528846
44 0.20613 0.541466 0.046875 0.0444712
44 0.220553 0.0324519 0.0276442 0.0264423
44 0.226562 0.0667067 0.0300481 0.0324519
44 0.242188 0.152644 0.046875 0.108173
44 0.274038 0.902644 0.0625 0.0649038
44 0.295673 0.909255 0.0769231 0.0588942
44 0.301683 0.435697 0.0889423 0.0540865
44 0.304087 0.405649 0.0793269 0.0324519
44 0.277644 0.117188 0.0168269 0.0276442
44 0.281851 0.0727163 0.0204327 0.0300481
44 0.28125 0.0384615 0.0144231 0.0288462
44 0.284856 0.191707 0.0216346 0.0324519
44 0.286058 0.161659 0.0192308 0.0252404
44 0.338341 0.0625 0.0997596 0.0288462
44 0.343149 0.182091 0.0997596 0.0276442
44 0.341947 0.544471 0.0588942 0.0408654
44 0.341947 0.567308 0.0588942 0.0528846
44 0.383413 0.760817 0.0745192 0.0697115
44 0.383413 0.786058 0.0745192 0.0576923
44 0.399038 0.0384615 0.0240385 0.0288462
44 0.400841 0.161058 0.0228365 0.0240385
44 0.403245 0.0727163 0.0276442 0.0300481
44 0.407452 0.190505 0.0216346 0.0348558
44 0.45613 0.407452 0.11899 0.0889423
44 0.406851 0.116587 0.0204327 0.0264423
44 0.434495 0.118389 0.0276442 0.0300481
44 0.439904 0.192909 0.0288462 0.0300481
44 0.44351 0.161659 0.0216346 0.0252404
44 0.478966 0.0600962 0.0877404 0.0288462
44 0.475962 0.909856 0.0721154 0.0456731
44 0.481971 0.547476 0.0745192 0.0901442
44 0.481971 0.888822 0.0745192 0.0661058
44 0.503005 0.182091 0.0973558 0.0276442
44 0.539062 0.0354567 0.0300481 0.0276442
44 0.54988 0.0721154 0.0324519 0.0288462
44 0.560697 0.160457 0.0204327 0.0276442
44 0.560697 0.190505 0.0204327 0.0300481
44 0.565505 0.115385 0.015625 0.0288462
44 0.610577 0.550481 0.0961538 0.0865385
44 0.615385 0.403846 0.0865385 0.0913462
44 0.595553 0.117788 0.0276442 0.0288462
44 0.603966 0.192909 0.0348558 0.0300481
44 0.634014 0.0588942 0.0949519 0.03125
44 0.620793 0.769832 0.0588942 0.0637019
44 0.608774 0.16226 0.0300481 0.0264423
44 0.634615 0.769832 0.0769231 0.0733173
44 0.664663 0.180889 0.0889423 0.0348558
44 0.670072 0.890024 0.046875 0.0637019
44 0.676082 0.90024 0.0396635 0.0456731
44 0.694111 0.0354567 0.0276442 0.0276442
44 0.70012 0.0679087 0.0300481 0.0300481
44 0.749399 0.549279 0.104567 0.0889423
44 0.724159 0.867188 0.0444712 0.0324519
44 0.731971 0.76863 0.0600962 0.0564904
44 0.739183 0.90024 0.0649038 0.0504808
44 0.748798 0.781851 0.0697115 0.0540865
44 0.742188 0.115986 0.0180288 0.0300481
44 0.768029 0.402644 0.0697115 0.09375
44 0.745793 0.194712 0.0204327 0.0288462
44 0.749399 0.0679087 0.0228365 0.0300481
44 0.749399 0.16226 0.0228365 0.0264423
44 0.753606 0.0336538 0.0216346 0.0288462
44 0.805889 0.184495 0.0973558 0.0324519
44 0.808894 0.0582933 0.09375 0.0252404
44 0.885216 0.405048 0.121394 0.0889423
44 0.840745 0.88762 0.0276442 0.0492788
44 0.874399 0.774038 0.0612981 0.0576923
44 0.889423 0.785457 0.0769231 0.0564904
44 0.865986 0.197115 0.0204327 0.0288462
44 0.867188 0.162861 0.0228365 0.0276442
44 0.868389 0.0679087 0.0204327 0.0300481
44 0.867788 0.0354567 0.0144231 0.0276442
44 0.876202 0.117188 0.0168269 0.0276442
44 0.885216 0.192909 0.0204327 0.0252404
44 0.913462 0.54988 0.0673077 0.0949519
44 0.890024 0.16226 0.015625 0.0264423
44 0.902043 0.0691106 0.0300481 0.0276442
44 0.914062 0.0324519 0.0300481 0.0264423
44 0.94351 0.185697 0.0889423 0.0348558
44 0.960337 0.0582933 0.0793269 0.0300481
44 0.970553 0.351562 0.046875 0.0492788
44 0.99399 0.165865 0.0120192 0.0288462
44 0.995192 0.198317 0.00961538 0.0264423
