14 0.204327 0.688702 0.221154 0.262019
14 0.158053 0.429688 0.0612981 0.167067
14 0.166466 0.329327 0.015625 0.0240385
14 0.201322 0.329928 0.0228365 0.0396635
14 0.23137 0.344952 0.0204327 0.0216346
14 0.265024 0.502404 0.0204327 0.0288462
14 0.277644 0.48738 0.0216346 0.0276442
14 0.292067 0.463341 0.0216346 0.0324519
14 0.310697 0.430889 0.015625 0.0204327
14 0.408053 0.188101 0.0997596 0.0637019
14 0.385216 0.132212 0.0204327 0.0288462
14 0.408053 0.158654 0.0180288 0.0288462
14 0.438101 0.124399 0.0204327 0.0228365
14 0.442909 0.659856 0.0204327 0.03125
14 0.561298 0.707933 0.0168269 0.03125
14 0.605168 0.737981 0.0228365 0.0288462
14 0.61899 0.788462 0.0168269 0.0288462
14 0.641827 0.748798 0.0240385 0.0360577
14 0.673678 0.716346 0.0204327 0.0288462
