18 0.371394 0.564904 0.742788 0.865385
18 0.611779 0.0865385 0.776442 0.173077
18 0.718149 0.780649 0.561298 0.436298
18 0.828726 0.348558 0.340144 0.177885
18 0.792067 0.515625 0.175481 0.189904
18 0.371394 0.564904 0.742788 0.865385
18 0.611779 0.0865385 0.776442 0.173077
18 0.718149 0.780649 0.561298 0.436298
18 0.828726 0.348558 0.340144 0.177885
18 0.792067 0.515625 0.175481 0.189904
18 0.371394 0.564904 0.742788 0.865385
18 0.611779 0.0865385 0.776442 0.173077
18 0.718149 0.780649 0.561298 0.436298
18 0.828726 0.348558 0.340144 0.177885
18 0.792067 0.515625 0.175481 0.189904
