18 0.765024 0.786058 0.19351 0.216346
18 0.116587 0.841346 0.209135 0.264423
18 0.143029 0.495793 0.185096 0.270433
18 0.16887 0.185697 0.19351 0.231971
18 0.455529 0.82512 0.199519 0.25601
18 0.451322 0.447716 0.18149 0.231971
18 0.478966 0.140024 0.179087 0.217548
18 0.76262 0.138822 0.155048 0.18149
18 0.780649 0.449519 0.171875 0.221154
18 0.765024 0.786058 0.19351 0.216346
18 0.116587 0.841346 0.209135 0.264423
18 0.143029 0.495793 0.185096 0.270433
18 0.16887 0.185697 0.19351 0.231971
18 0.455529 0.82512 0.199519 0.25601
18 0.451322 0.447716 0.18149 0.231971
18 0.478966 0.140024 0.179087 0.217548
18 0.76262 0.138822 0.155048 0.18149
18 0.780649 0.449519 0.171875 0.221154
18 0.765024 0.786058 0.19351 0.216346
18 0.116587 0.841346 0.209135 0.264423
18 0.143029 0.495793 0.185096 0.270433
18 0.16887 0.185697 0.19351 0.231971
18 0.455529 0.82512 0.199519 0.25601
18 0.451322 0.447716 0.18149 0.231971
18 0.478966 0.140024 0.179087 0.217548
18 0.76262 0.138822 0.155048 0.18149
18 0.780649 0.449519 0.171875 0.221154
