25 0.0270433 0.186298 0.0540865 0.0793269
25 0.138221 0.673678 0.276442 0.510817
25 0.205529 0.259615 0.411058 0.504808
25 0.499399 0.5 0.998798 0.971154
25 0.353365 0.485577 0.3125 0.4375
25 0.530649 0.704928 0.508413 0.56851
25 0.63101 0.266226 0.435096 0.460337
25 0.834736 0.600361 0.328125 0.460337
25 0.907452 0.265625 0.185096 0.300481
25 0.0270433 0.186298 0.0540865 0.0793269
25 0.138221 0.673678 0.276442 0.510817
25 0.205529 0.259615 0.411058 0.504808
25 0.499399 0.5 0.998798 0.971154
25 0.353365 0.485577 0.3125 0.4375
25 0.530649 0.704928 0.508413 0.56851
25 0.63101 0.266226 0.435096 0.460337
25 0.834736 0.600361 0.328125 0.460337
25 0.907452 0.265625 0.185096 0.300481
