18 0.0643029 0.685096 0.123798 0.0673077
18 0.0709135 0.709135 0.112981 0.0721154
18 0.0721154 0.716947 0.105769 0.078125
18 0.0859375 0.736178 0.128606 0.0829327
18 0.104567 0.756611 0.137019 0.0853365
18 0.132812 0.774639 0.145433 0.0733173
18 0.225361 0.671274 0.191106 0.13101
18 0.194712 0.634615 0.115385 0.0817308
18 0.555288 0.921875 0.182692 0.146635
18 0.0643029 0.685096 0.123798 0.0673077
18 0.0709135 0.709135 0.112981 0.0721154
18 0.0721154 0.716947 0.105769 0.078125
18 0.0859375 0.736178 0.128606 0.0829327
18 0.104567 0.756611 0.137019 0.0853365
18 0.132812 0.774639 0.145433 0.0733173
18 0.225361 0.671274 0.191106 0.13101
18 0.194712 0.634615 0.115385 0.0817308
18 0.555288 0.921875 0.182692 0.146635
18 0.0643029 0.685096 0.123798 0.0673077
18 0.0709135 0.709135 0.112981 0.0721154
18 0.0721154 0.716947 0.105769 0.078125
18 0.0859375 0.736178 0.128606 0.0829327
18 0.104567 0.756611 0.137019 0.0853365
18 0.132812 0.774639 0.145433 0.0733173
18 0.225361 0.671274 0.191106 0.13101
18 0.194712 0.634615 0.115385 0.0817308
18 0.555288 0.921875 0.182692 0.146635
