31 0.20613 0.267428 0.0564904 0.106971
31 0.233774 0.733173 0.0829327 0.0817308
31 0.25 0.403846 0.0865385 0.0865385
31 0.255409 0.127404 0.0925481 0.0625
31 0.284856 0.53726 0.0889423 0.0841346
31 0.313101 0.337139 0.0733173 0.106971
31 0.345553 0.394832 0.0661058 0.102163
31 0.343149 0.511418 0.0564904 0.104567
31 0.376202 0.311899 0.0552885 0.0901442
31 0.388822 0.592548 0.0564904 0.0600962
31 0.396034 0.221154 0.0661058 0.0865385
31 0.445312 0.611779 0.0637019 0.0552885
31 0.454327 0.139423 0.0625 0.0769231
31 0.475361 0.500601 0.0661058 0.116587
31 0.504808 0.632212 0.0625 0.0721154
31 0.511418 0.158654 0.0661058 0.0817308
31 0.506611 0.548077 0.0372596 0.0576923
31 0.51262 0.496394 0.0300481 0.0697115
31 0.563702 0.66226 0.0793269 0.0697115
31 0.551683 0.517428 0.0504808 0.106971
31 0.567308 0.593149 0.0769231 0.0420673
31 0.579327 0.188702 0.0721154 0.0793269
31 0.640024 0.225962 0.0685096 0.0817308
31 0.652644 0.600962 0.0697115 0.0769231
31 0.660457 0.731971 0.0661058 0.0649038
31 0.679087 0.520433 0.0504808 0.0745192
31 0.698918 0.427885 0.0564904 0.0721154
31 0.708534 0.653245 0.0661058 0.109375
31 0.695913 0.338942 0.0264423 0.0576923
31 0.739183 0.423077 0.0504808 0.0865385
31 0.739183 0.545072 0.0456731 0.114183
31 0.801082 0.321514 0.0685096 0.0949519
31 0.799279 0.434495 0.0360577 0.0901442
