26 0.615986 0.559495 0.179087 0.272837
26 0.0360577 0.031851 0.0721154 0.0637019
26 0.0600962 0.409856 0.120192 0.262019
26 0.0649038 0.159856 0.129808 0.237981
26 0.0390625 0.626202 0.0733173 0.189904
26 0.139423 0.695913 0.163462 0.213942
26 0.131611 0.093149 0.143029 0.186298
26 0.126803 0.295673 0.0805288 0.163462
26 0.194712 0.493389 0.144231 0.227163
26 0.270433 0.113582 0.141827 0.121394
26 0.299279 0.0354567 0.146635 0.0709135
26 0.307091 0.703125 0.138221 0.199519
26 0.307692 0.378606 0.0913462 0.146635
26 0.364183 0.519231 0.185096 0.230769
26 0.396635 0.257212 0.168269 0.269231
26 0.421875 0.140024 0.132212 0.135817
26 0.425481 0.0288462 0.0961538 0.0576923
26 0.461538 0.682692 0.163462 0.221154
26 0.509615 0.384014 0.158654 0.22476
26 0.539663 0.0612981 0.151442 0.122596
26 0.580529 0.183293 0.185096 0.236779
26 0.646635 0.327524 0.158654 0.21274
26 0.679087 0.0300481 0.117788 0.0600962
26 0.677284 0.159255 0.104567 0.203125
