46 0.0120192 0.173678 0.0240385 0.0637019
46 0.0132212 0.247596 0.0264423 0.0673077
46 0.0625 0.251202 0.0865385 0.0745192
46 0.0679087 0.190505 0.0829327 0.0685096
46 0.152644 0.571514 0.108173 0.0757212
46 0.153245 0.259014 0.0949519 0.0709135
46 0.152644 0.196514 0.0841346 0.0709135
46 0.24399 0.184495 0.103365 0.0853365
46 0.254808 0.254808 0.0913462 0.0576923
46 0.320913 0.515625 0.112981 0.0793269
46 0.329327 0.45613 0.0961538 0.0853365
46 0.329327 0.578726 0.0865385 0.0757212
46 0.355168 0.245192 0.114183 0.0769231
46 0.399639 0.929688 0.0925481 0.0661058
46 0.426683 0.521034 0.0985577 0.0709135
46 0.426082 0.465745 0.0925481 0.0853365
46 0.425481 0.583534 0.0865385 0.0661058
46 0.432091 0.865385 0.0661058 0.0625
46 0.533053 0.508413 0.0709135 0.0697115
46 0.542067 0.577524 0.0456731 0.0685096
46 0.588341 0.466346 0.104567 0.0673077
46 0.602163 0.573317 0.0985577 0.0649038
46 0.614784 0.516226 0.109375 0.0805288
46 0.698918 0.576322 0.0901442 0.0757212
46 0.702524 0.501202 0.0829327 0.09375
46 0.785457 0.510216 0.0901442 0.0877404
46 0.793269 0.573317 0.105769 0.0745192
46 0.86899 0.511418 0.0889423 0.0661058
46 0.877404 0.578125 0.100962 0.0649038
46 0.927885 0.190505 0.115385 0.0925481
46 0.926082 0.25 0.0973558 0.0721154
46 0.95613 0.498197 0.0853365 0.0877404
46 0.960337 0.573317 0.0745192 0.0745192
46 0.984976 0.253606 0.0276442 0.0649038
46 0.988582 0.189904 0.0204327 0.0721154
