63 0.0973558 0.879808 0.194712 0.235577
63 0.157452 0.433293 0.314904 0.606971
63 0.230769 0.570913 0.461538 0.853365
63 0.498798 0.498798 0.992788 0.997596
63 0.236178 0.478966 0.342548 0.332933
63 0.539062 0.834135 0.770433 0.326923
63 0.374399 0.161058 0.268029 0.322115
63 0.440505 0.549279 0.284856 0.742788
63 0.588341 0.495192 0.580529 0.5625
63 0.501803 0.0961538 0.219952 0.177885
63 0.685697 0.725962 0.467548 0.235577
63 0.675481 0.115986 0.129808 0.155048
63 0.707933 0.158654 0.175481 0.317308
