75 0.200721 0.498197 0.0985577 0.155048
75 0.219952 0.677284 0.122596 0.191106
75 0.24399 0.644231 0.03125 0.0625
75 0.305288 0.460337 0.129808 0.0793269
75 0.307692 0.368389 0.115385 0.140625
75 0.405048 0.709135 0.0697115 0.182692
75 0.41887 0.432091 0.0300481 0.0516827
75 0.545673 0.492188 0.0961538 0.0853365
75 0.548678 0.635216 0.0733173 0.15024
75 0.590745 0.305288 0.0901442 0.235577
75 0.622596 0.163462 0.120192 0.163462
75 0.757812 0.557091 0.294471 0.647837
75 0.757812 0.282452 0.15024 0.247596
