20 0.173678 0.616587 0.13101 0.137019
20 0.247596 0.713341 0.149038 0.0853365
20 0.263822 0.782452 0.0709135 0.09375
20 0.271635 0.647837 0.0865385 0.112981
20 0.278245 0.753005 0.0564904 0.0444712
20 0.465745 0.747596 0.28726 0.192308
20 0.478365 0.679087 0.264423 0.146635
20 0.560697 0.885817 0.246394 0.09375
20 0.576322 0.617788 0.176683 0.134615
20 0.723558 0.834736 0.293269 0.159856
20 0.705529 0.700721 0.213942 0.175481
20 0.701923 0.618389 0.100962 0.159856
20 0.779447 0.719351 0.0925481 0.203125
20 0.791466 0.844351 0.0829327 0.0444712
20 0.790264 0.791466 0.0757212 0.0588942
