73 0.188101 0.548077 0.222356 0.245192
73 0.190505 0.824519 0.207933 0.211538
73 0.152043 0.415865 0.0973558 0.0769231
73 0.216947 0.186298 0.217548 0.161058
73 0.363582 0.412861 0.169471 0.0805288
73 0.47476 0.528846 0.199519 0.168269
73 0.487981 0.250601 0.221154 0.126202
73 0.498798 0.832933 0.199519 0.209135
73 0.574519 0.420673 0.168269 0.0961538
73 0.759615 0.220553 0.211538 0.147837
73 0.767428 0.807091 0.207933 0.200721
73 0.780048 0.542067 0.204327 0.204327
73 0.778846 0.407452 0.105769 0.0649038
