67 0.140625 0.56851 0.0600962 0.127404
67 0.167668 0.732572 0.104567 0.0805288
67 0.166466 0.534255 0.0637019 0.116587
67 0.158654 0.481971 0.0384615 0.103365
67 0.295072 0.566707 0.268029 0.402644
67 0.201322 0.652644 0.0516827 0.103365
67 0.213341 0.47476 0.0612981 0.108173
67 0.221755 0.690505 0.0637019 0.155048
67 0.269231 0.799279 0.0961538 0.0745192
67 0.271635 0.479567 0.0961538 0.146635
67 0.288462 0.663462 0.120192 0.173077
67 0.323918 0.752404 0.138221 0.0913462
67 0.339543 0.438702 0.078125 0.151442
67 0.360577 0.801082 0.0913462 0.0252404
67 0.40024 0.486779 0.0841346 0.112981
67 0.409856 0.594351 0.103365 0.126202
67 0.403846 0.749399 0.0432692 0.0709135
67 0.414062 0.522837 0.0637019 0.103365
67 0.465745 0.613582 0.11899 0.0733173
67 0.462139 0.586538 0.0637019 0.0480769
