18 0.0576923 0.891827 0.0913462 0.149038
18 0.0793269 0.685096 0.0865385 0.139423
18 0.117188 0.455529 0.0853365 0.137019
18 0.131611 0.275841 0.0709135 0.133413
18 0.157452 0.0955529 0.0793269 0.123798
18 0.237981 0.667067 0.0865385 0.132212
18 0.248197 0.871995 0.0973558 0.157452
18 0.254207 0.246394 0.0949519 0.127404
18 0.25601 0.439303 0.0889423 0.133413
18 0.283053 0.0853365 0.0805288 0.122596
18 0.403846 0.897236 0.100962 0.15024
18 0.416466 0.660457 0.0925481 0.143029
18 0.415264 0.0949519 0.0853365 0.127404
18 0.415264 0.435096 0.0853365 0.139423
18 0.41887 0.245192 0.078125 0.125
18 0.567308 0.439303 0.0865385 0.133413
18 0.565505 0.0793269 0.078125 0.129808
18 0.572115 0.66887 0.0913462 0.145433
18 0.574519 0.882812 0.0961538 0.169471
18 0.573317 0.25 0.0889423 0.134615
18 0.715745 0.259014 0.0853365 0.123798
18 0.716947 0.0955529 0.0829327 0.123798
18 0.728966 0.45012 0.0829327 0.15024
18 0.754207 0.682091 0.0853365 0.138221
18 0.765024 0.900841 0.0877404 0.147837
18 0.864183 0.0973558 0.0841346 0.117788
18 0.873197 0.262019 0.0877404 0.144231
18 0.900841 0.459135 0.0853365 0.129808
18 0.920673 0.671875 0.0913462 0.141827
18 0.932692 0.896635 0.0865385 0.144231
18 0.0576923 0.891827 0.0913462 0.149038
18 0.0793269 0.685096 0.0865385 0.139423
18 0.117188 0.455529 0.0853365 0.137019
18 0.131611 0.275841 0.0709135 0.133413
18 0.157452 0.0955529 0.0793269 0.123798
18 0.237981 0.667067 0.0865385 0.132212
18 0.248197 0.871995 0.0973558 0.157452
18 0.254207 0.246394 0.0949519 0.127404
18 0.25601 0.439303 0.0889423 0.133413
18 0.283053 0.0853365 0.0805288 0.122596
18 0.403846 0.897236 0.100962 0.15024
18 0.416466 0.660457 0.0925481 0.143029
18 0.415264 0.0949519 0.0853365 0.127404
18 0.415264 0.435096 0.0853365 0.139423
18 0.41887 0.245192 0.078125 0.125
18 0.567308 0.439303 0.0865385 0.133413
18 0.565505 0.0793269 0.078125 0.129808
18 0.572115 0.66887 0.0913462 0.145433
18 0.574519 0.882812 0.0961538 0.169471
18 0.573317 0.25 0.0889423 0.134615
18 0.715745 0.259014 0.0853365 0.123798
18 0.716947 0.0955529 0.0829327 0.123798
18 0.728966 0.45012 0.0829327 0.15024
18 0.754207 0.682091 0.0853365 0.138221
18 0.765024 0.900841 0.0877404 0.147837
18 0.864183 0.0973558 0.0841346 0.117788
18 0.873197 0.262019 0.0877404 0.144231
18 0.900841 0.459135 0.0853365 0.129808
18 0.920673 0.671875 0.0913462 0.141827
18 0.932692 0.896635 0.0865385 0.144231
18 0.0576923 0.891827 0.0913462 0.149038
18 0.0793269 0.685096 0.0865385 0.139423
18 0.117188 0.455529 0.0853365 0.137019
18 0.131611 0.275841 0.0709135 0.133413
18 0.157452 0.0955529 0.0793269 0.123798
18 0.237981 0.667067 0.0865385 0.132212
18 0.248197 0.871995 0.0973558 0.157452
18 0.254207 0.246394 0.0949519 0.127404
18 0.25601 0.439303 0.0889423 0.133413
18 0.283053 0.0853365 0.0805288 0.122596
18 0.403846 0.897236 0.100962 0.15024
18 0.416466 0.660457 0.0925481 0.143029
18 0.415264 0.0949519 0.0853365 0.127404
18 0.415264 0.435096 0.0853365 0.139423
18 0.41887 0.245192 0.078125 0.125
18 0.567308 0.439303 0.0865385 0.133413
18 0.565505 0.0793269 0.078125 0.129808
18 0.572115 0.66887 0.0913462 0.145433
18 0.574519 0.882812 0.0961538 0.169471
18 0.573317 0.25 0.0889423 0.134615
18 0.715745 0.259014 0.0853365 0.123798
18 0.716947 0.0955529 0.0829327 0.123798
18 0.728966 0.45012 0.0829327 0.15024
18 0.754207 0.682091 0.0853365 0.138221
18 0.765024 0.900841 0.0877404 0.147837
18 0.864183 0.0973558 0.0841346 0.117788
18 0.873197 0.262019 0.0877404 0.144231
18 0.900841 0.459135 0.0853365 0.129808
18 0.920673 0.671875 0.0913462 0.141827
18 0.932692 0.896635 0.0865385 0.144231
