79 0.587139 0.530649 0.21274 0.344952
79 0.0504808 0.314904 0.100962 0.139423
79 0.0667067 0.046274 0.128606 0.078125
79 0.0703125 0.472957 0.13101 0.16226
79 0.170673 0.941106 0.322115 0.108173
79 0.0432692 0.119591 0.0625 0.0997596
79 0.138221 0.192308 0.204327 0.100962
79 0.222356 0.688101 0.372596 0.299279
79 0.159856 0.0961538 0.146635 0.0865385
79 0.208534 0.298678 0.215144 0.116587
79 0.208534 0.0438702 0.157452 0.0685096
79 0.36238 0.445312 0.292067 0.203125
79 0.328726 0.115986 0.167067 0.078125
79 0.365986 0.1875 0.203125 0.100962
79 0.361779 0.0528846 0.151442 0.0769231
79 0.413462 0.286659 0.158654 0.126202
79 0.464543 0.0384615 0.0685096 0.0673077
79 0.46875 0.103966 0.0769231 0.0829327
79 0.563101 0.0859375 0.116587 0.133413
79 0.586538 0.259615 0.163462 0.221154
79 0.713341 0.832332 0.41226 0.332933
79 0.748798 0.132212 0.319712 0.25
79 0.810697 0.43149 0.31851 0.300481
79 0.905649 0.535457 0.157452 0.296875
79 0.936899 0.8125 0.104567 0.278846
