56 0.492788 0.838942 0.831731 0.293269
56 0.0955529 0.51262 0.0709135 0.0637019
56 0.121995 0.465144 0.0661058 0.0600962
56 0.188702 0.509014 0.0697115 0.0516827
56 0.186298 0.352764 0.0408654 0.0276442
56 0.205529 0.454327 0.0745192 0.0576923
56 0.194111 0.310697 0.0372596 0.0444712
56 0.234375 0.299279 0.0456731 0.0360577
56 0.24399 0.339543 0.03125 0.0204327
56 0.286058 0.498798 0.0817308 0.0697115
56 0.283654 0.295673 0.0432692 0.0480769
56 0.309495 0.441707 0.0709135 0.0612981
56 0.579928 0.574519 0.58774 0.259615
56 0.325721 0.286659 0.0456731 0.0492788
56 0.372596 0.279447 0.0480769 0.0444712
56 0.394832 0.428486 0.0637019 0.0444712
