75 0.350962 0.799279 0.346154 0.300481
75 0.0811298 0.842548 0.16226 0.247596
75 0.0925481 0.288462 0.122596 0.110577
75 0.207933 0.162861 0.185096 0.143029
75 0.207933 0.309495 0.103365 0.0805288
75 0.294471 0.0600962 0.165865 0.120192
75 0.504207 0.359976 0.16226 0.0757212
75 0.501202 0.112981 0.0649038 0.0769231
75 0.512019 0.0264423 0.0625 0.0528846
75 0.646034 0.0907452 0.138221 0.171875
75 0.670673 0.324519 0.120192 0.120192
75 0.701923 0.942909 0.158654 0.111779
75 0.725962 0.539663 0.0528846 0.15625
75 0.760817 0.161659 0.0697115 0.0492788
75 0.772837 0.260216 0.0504808 0.0588942
75 0.817909 0.207332 0.0492788 0.183894
