42 0.204928 0.671274 0.27524 0.280048
42 0.206731 0.664062 0.264423 0.280048
42 0.220553 0.14363 0.157452 0.16226
42 0.272837 0.394231 0.257212 0.259615
42 0.221154 0.139423 0.144231 0.158654
42 0.455529 0.180288 0.295673 0.254808
42 0.460337 0.177284 0.295673 0.258413
42 0.597356 0.416466 0.290865 0.270433
42 0.539663 0.651442 0.165865 0.158654
42 0.548678 0.659856 0.188702 0.170673
42 0.760817 0.166466 0.266827 0.270433
42 0.762019 0.17488 0.264423 0.277644
42 0.846755 0.759615 0.179087 0.173077
42 0.851562 0.766827 0.169471 0.177885
