18 0.15625 0.260216 0.120192 0.198317
18 0.162861 0.111779 0.0516827 0.0600962
18 0.171875 0.0282452 0.0408654 0.0564904
18 0.640625 0.782452 0.233173 0.21875
18 0.960938 0.289062 0.0757212 0.15024
18 0.15625 0.260216 0.120192 0.198317
18 0.162861 0.111779 0.0516827 0.0600962
18 0.171875 0.0282452 0.0408654 0.0564904
18 0.640625 0.782452 0.233173 0.21875
18 0.960938 0.289062 0.0757212 0.15024
18 0.15625 0.260216 0.120192 0.198317
18 0.162861 0.111779 0.0516827 0.0600962
18 0.171875 0.0282452 0.0408654 0.0564904
18 0.640625 0.782452 0.233173 0.21875
18 0.960938 0.289062 0.0757212 0.15024
