25 0.360577 0.0685096 0.254808 0.122596
25 0.0661058 0.498798 0.132212 0.997596
25 0.137019 0.483173 0.221154 0.966346
25 0.316106 0.498798 0.338942 0.997596
25 0.376202 0.490986 0.180288 0.905048
25 0.53726 0.498798 0.387019 0.997596
25 0.683894 0.498798 0.459135 0.997596
25 0.745192 0.498798 0.504808 0.997596
25 0.793269 0.63101 0.413462 0.737981
25 0.807091 0.715745 0.383413 0.566106
25 0.360577 0.0685096 0.254808 0.122596
25 0.0661058 0.498798 0.132212 0.997596
25 0.137019 0.483173 0.221154 0.966346
25 0.316106 0.498798 0.338942 0.997596
25 0.376202 0.490986 0.180288 0.905048
25 0.53726 0.498798 0.387019 0.997596
25 0.683894 0.498798 0.459135 0.997596
25 0.745192 0.498798 0.504808 0.997596
25 0.793269 0.63101 0.413462 0.737981
25 0.807091 0.715745 0.383413 0.566106
