19 0.376202 0.32512 0.161058 0.0733173
19 0.117188 0.778846 0.138221 0.100962
19 0.144832 0.741587 0.121394 0.0360577
19 0.167668 0.682091 0.138221 0.0564904
19 0.161659 0.596154 0.0973558 0.0673077
19 0.302284 0.803486 0.200721 0.0685096
19 0.251202 0.604567 0.0745192 0.0456731
19 0.487981 0.472356 0.413462 0.09375
19 0.491587 0.29988 0.391827 0.138221
19 0.367188 0.644231 0.133413 0.0769231
19 0.442909 0.596154 0.203125 0.0432692
19 0.477163 0.823317 0.194712 0.0697115
19 0.460938 0.684495 0.133413 0.0901442
19 0.463942 0.77524 0.120192 0.0360577
19 0.612981 0.695312 0.158654 0.0637019
19 0.613582 0.593149 0.159856 0.0372596
19 0.615986 0.637019 0.164663 0.0528846
