56 0.472957 0.685096 0.11899 0.0865385
56 0.153245 0.777043 0.16226 0.0973558
56 0.246995 0.337139 0.123798 0.0444712
56 0.309495 0.802885 0.210337 0.0721154
56 0.289062 0.295673 0.0925481 0.0576923
56 0.330529 0.76262 0.175481 0.0348558
56 0.322716 0.259615 0.0829327 0.0480769
56 0.367188 0.643029 0.133413 0.0889423
56 0.376803 0.329327 0.128606 0.0576923
56 0.396635 0.280048 0.105769 0.0456731
56 0.426082 0.253606 0.126202 0.0360577
56 0.477764 0.816106 0.195913 0.0745192
56 0.548678 0.650841 0.280048 0.138221
56 0.494591 0.773438 0.123798 0.0372596
56 0.503606 0.33113 0.108173 0.0661058
56 0.521034 0.284856 0.128606 0.0456731
56 0.552885 0.248798 0.120192 0.0504808
56 0.633413 0.328726 0.112981 0.0564904
56 0.636418 0.280649 0.114183 0.0372596
56 0.721154 0.790264 0.110577 0.0564904
56 0.722356 0.83774 0.108173 0.0600962
56 0.912861 0.605769 0.0564904 0.0480769
56 0.947716 0.674279 0.0637019 0.0889423
