32 0.23738 0.482572 0.0997596 0.186298
32 0.16226 0.32512 0.0456731 0.102163
32 0.204928 0.378005 0.0492788 0.121394
32 0.211538 0.208534 0.0432692 0.0661058
32 0.274639 0.271034 0.0444712 0.0853365
32 0.341346 0.515625 0.0576923 0.127404
32 0.371394 0.21875 0.0552885 0.134615
32 0.393029 0.371995 0.0504808 0.104567
32 0.694111 0.63762 0.104567 0.188702
32 0.707332 0.506611 0.111779 0.157452
32 0.702524 0.367188 0.102163 0.147837
32 0.795673 0.665264 0.105769 0.219952
32 0.801082 0.376803 0.102163 0.16226
32 0.808894 0.517428 0.108173 0.15024
