77 0.368389 0.797476 0.0877404 0.215144
77 0.302284 0.116587 0.0757212 0.0889423
77 0.316106 0.235577 0.0408654 0.0913462
77 0.385817 0.350962 0.0745192 0.0961538
77 0.38762 0.234375 0.0733173 0.0985577
77 0.393029 0.11899 0.0552885 0.103365
77 0.465144 0.230168 0.0552885 0.0949519
77 0.477163 0.120793 0.0456731 0.0829327
77 0.589543 0.236178 0.0685096 0.0877404
77 0.590745 0.460938 0.0709135 0.109375
77 0.591947 0.114183 0.0588942 0.0793269
77 0.669471 0.109976 0.0745192 0.0949519
77 0.66226 0.582933 0.0504808 0.0985577
77 0.673678 0.225361 0.0685096 0.0853365
77 0.67488 0.457933 0.0661058 0.103365
77 0.73738 0.46274 0.0516827 0.0889423
