79 0.100361 0.557091 0.167067 0.248798
79 0.0216346 0.567308 0.0432692 0.115385
79 0.0258413 0.207332 0.0516827 0.0925481
79 0.0396635 0.0697115 0.0793269 0.100962
79 0.0396635 0.442909 0.0793269 0.0973558
79 0.0438702 0.330529 0.0877404 0.151442
79 0.0649038 0.790264 0.129808 0.109375
79 0.0793269 0.6875 0.158654 0.139423
79 0.321514 0.434495 0.643029 0.86899
79 0.0967548 0.198918 0.116587 0.0564904
79 0.114784 0.314904 0.147837 0.134615
79 0.132812 0.140625 0.174279 0.122596
79 0.182692 0.807091 0.134615 0.11899
79 0.205529 0.238582 0.127404 0.0829327
79 0.280048 0.510817 0.151442 0.161058
79 0.288462 0.203726 0.115385 0.0949519
79 0.355168 0.177284 0.176683 0.114183
79 0.365385 0.729567 0.168269 0.194712
79 0.424279 0.590144 0.209135 0.165865
79 0.42488 0.402043 0.143029 0.102163
79 0.422476 0.27524 0.0901442 0.122596
79 0.530048 0.294471 0.141827 0.151442
79 0.519832 0.377404 0.116587 0.144231
79 0.595553 0.475361 0.128606 0.152644
