60 0.205529 0.492188 0.0456731 0.0372596
60 0.224159 0.594351 0.0492788 0.0444712
60 0.23738 0.65024 0.0516827 0.0408654
60 0.268029 0.471755 0.0552885 0.0252404
60 0.281851 0.494591 0.0492788 0.0228365
60 0.512019 0.236178 0.495192 0.198317
60 0.401442 0.692308 0.240385 0.129808
60 0.320312 0.834135 0.0492788 0.0384615
60 0.329928 0.620192 0.0540865 0.0288462
60 0.344351 0.816707 0.0588942 0.0372596
60 0.370793 0.78726 0.0540865 0.0456731
60 0.559495 0.778846 0.18149 0.0769231
60 0.649639 0.676683 0.227163 0.122596
60 0.58774 0.469351 0.0456731 0.0348558
60 0.608173 0.440505 0.0384615 0.0204327
60 0.684495 0.534856 0.128606 0.189904
60 0.675481 0.845553 0.0625 0.0324519
60 0.6875 0.773438 0.0673077 0.0420673
60 0.805288 0.579928 0.0432692 0.0348558
60 0.823317 0.645433 0.0504808 0.0456731
60 0.842548 0.541466 0.0745192 0.0252404
60 0.90024 0.82512 0.137019 0.0685096
60 0.874399 0.73137 0.0516827 0.0348558
60 0.876202 0.703125 0.0552885 0.0216346
60 0.905048 0.690505 0.0552885 0.0348558
60 0.922476 0.76863 0.0612981 0.0324519
60 0.953726 0.671274 0.0420673 0.0444712
60 0.975361 0.478966 0.046875 0.0204327
60 0.977163 0.507212 0.0456731 0.0288462
