62 0.046274 0.0288462 0.0925481 0.0576923
62 0.0877404 0.61238 0.175481 0.229567
62 0.146635 0.105769 0.293269 0.211538
62 0.112981 0.859976 0.201923 0.277644
62 0.171274 0.259014 0.25601 0.292067
62 0.217548 0.502404 0.324519 0.4375
62 0.342548 0.832933 0.329327 0.324519
62 0.362981 0.135817 0.201923 0.271635
62 0.322716 0.344351 0.106971 0.21274
62 0.438702 0.368389 0.165865 0.260817
62 0.463341 0.0889423 0.215144 0.177885
62 0.536659 0.570312 0.33774 0.366587
62 0.552885 0.199519 0.201923 0.201923
62 0.58113 0.914663 0.167067 0.170673
62 0.592548 0.323918 0.137019 0.123798
62 0.71274 0.786058 0.209135 0.403846
62 0.780649 0.414062 0.296875 0.356971
62 0.70012 0.171875 0.121394 0.161058
62 0.691707 0.272837 0.0901442 0.137019
62 0.865385 0.773438 0.269231 0.43149
62 0.852163 0.533654 0.237981 0.163462
62 0.808894 0.128606 0.146635 0.257212
