60 0.413462 0.764423 0.774038 0.283654
60 0.274038 0.254808 0.427885 0.322115
60 0.378005 0.90625 0.078125 0.0721154
60 0.632212 0.774639 0.360577 0.27524
60 0.491587 0.396034 0.0408654 0.0324519
60 0.503005 0.363582 0.0492788 0.0300481
60 0.743389 0.220553 0.496394 0.335337
60 0.595553 0.387019 0.0661058 0.0384615
60 0.628606 0.408053 0.0360577 0.0324519
60 0.71274 0.574519 0.0889423 0.0817308
60 0.758413 0.531851 0.112981 0.0588942
60 0.759014 0.59375 0.104567 0.0769231
60 0.903245 0.741587 0.0949519 0.0649038
60 0.938101 0.212139 0.0973558 0.116587
60 0.918269 0.315505 0.0480769 0.0348558
60 0.972957 0.736779 0.0516827 0.0697115
