44 0.781851 0.814303 0.116587 0.0709135
44 0.118389 0.49399 0.0540865 0.0408654
44 0.150841 0.510817 0.0612981 0.0456731
44 0.224159 0.280649 0.145433 0.258413
44 0.289062 0.83113 0.116587 0.0853365
44 0.311899 0.159255 0.0564904 0.0492788
44 0.467548 0.405649 0.329327 0.195913
44 0.40625 0.844952 0.125 0.0793269
44 0.409856 0.759615 0.0889423 0.0576923
44 0.489784 0.183894 0.0709135 0.0600962
44 0.515625 0.244591 0.09375 0.0564904
44 0.703125 0.190505 0.290865 0.13101
44 0.618389 0.772837 0.111779 0.0697115
44 0.713341 0.860577 0.109375 0.0769231
44 0.859976 0.872596 0.114183 0.0865385
