49 0.0997596 0.214543 0.132212 0.198317
49 0.106971 0.0420673 0.127404 0.0841346
49 0.278245 0.031851 0.104567 0.0637019
49 0.286659 0.191106 0.121394 0.189904
49 0.298077 0.438101 0.134615 0.198317
49 0.46875 0.167067 0.129808 0.199519
49 0.457933 0.0228365 0.09375 0.0456731
49 0.481971 0.40625 0.127404 0.201923
49 0.490385 0.659856 0.139423 0.199519
49 0.652043 0.147236 0.126202 0.188702
49 0.671875 0.385216 0.137019 0.188702
49 0.645433 0.00961538 0.0600962 0.0192308
49 0.686899 0.638221 0.123798 0.185096
49 0.833534 0.121995 0.128606 0.18149
49 0.853966 0.358774 0.140625 0.198317
49 0.97476 0.115385 0.0504808 0.177885
