7 0.0420673 0.226562 0.0264423 0.126202
7 0.211538 0.356971 0.365385 0.199519
7 0.0667067 0.227163 0.0276442 0.122596
7 0.0997596 0.221154 0.0360577 0.125
7 0.132812 0.215144 0.0300481 0.122596
7 0.165865 0.210337 0.0384615 0.117788
7 0.234976 0.926082 0.11899 0.145433
7 0.236178 0.184495 0.0252404 0.0997596
7 0.264423 0.186899 0.0192308 0.143029
7 0.298077 0.184495 0.0240385 0.11899
7 0.334135 0.185697 0.0240385 0.121394
7 0.408654 0.934495 0.163462 0.128606
7 0.626202 0.942909 0.194712 0.111779
7 0.875 0.945913 0.221154 0.108173
