60 0.273438 0.507812 0.426683 0.645433
60 0.274038 0.51262 0.423077 0.640625
60 0.474159 0.784255 0.106971 0.164663
60 0.509615 0.741587 0.0480769 0.0793269
60 0.689303 0.446514 0.397837 0.676683
60 0.584736 0.774038 0.0348558 0.0769231
60 0.58774 0.777644 0.0360577 0.0697115
60 0.622596 0.828726 0.0480769 0.046875
60 0.63101 0.826322 0.0504808 0.0564904
60 0.917668 0.635216 0.0372596 0.0733173
60 0.927284 0.368389 0.0564904 0.102163
60 0.920673 0.629808 0.0384615 0.0769231
60 0.930288 0.355168 0.0432692 0.0853365
60 0.944111 0.413462 0.0612981 0.0865385
60 0.947115 0.411058 0.0528846 0.0865385
