26 0.0120192 0.456731 0.0240385 0.0384615
26 0.0108173 0.378606 0.00721154 0.03125
26 0.0210337 0.276442 0.0228365 0.0240385
26 0.0264423 0.507812 0.0288462 0.0348558
26 0.0408654 0.113582 0.0192308 0.0444712
26 0.0420673 0.239183 0.0216346 0.03125
26 0.0528846 0.246995 0.0240385 0.0324519
26 0.0745192 0.435096 0.0192308 0.0384615
26 0.0727163 0.141827 0.015625 0.0240385
26 0.0985577 0.222957 0.0144231 0.0372596
26 0.122596 0.196514 0.0144231 0.0276442
26 0.126803 0.32512 0.0228365 0.0300481
26 0.823918 0.465745 0.0180288 0.0276442
26 0.884615 0.543269 0.0144231 0.0288462
26 0.968149 0.338942 0.0372596 0.0528846
26 0.984375 0.0324519 0.03125 0.0552885
26 0.989784 0.296875 0.0132212 0.0408654
