7 0.0492788 0.727163 0.0985577 0.449519
7 0.271635 0.721755 0.0913462 0.419471
7 0.462139 0.689904 0.0252404 0.0865385
7 0.469351 0.534856 0.0300481 0.0841346
7 0.489784 0.405048 0.0324519 0.0841346
7 0.486779 0.683293 0.0216346 0.0829327
7 0.49399 0.535457 0.0168269 0.0805288
7 0.510216 0.682692 0.0300481 0.0961538
7 0.518029 0.530048 0.0264423 0.0985577
7 0.531851 0.411058 0.0252404 0.100962
7 0.535457 0.683293 0.0228365 0.0829327
7 0.53726 0.53125 0.0168269 0.0913462
7 0.54988 0.399038 0.0180288 0.0913462
7 0.554688 0.528245 0.0180288 0.109375
7 0.558293 0.682692 0.0252404 0.100962
7 0.567308 0.395433 0.0192308 0.103365
7 0.573918 0.680288 0.0324519 0.0817308
7 0.573918 0.524038 0.0324519 0.0961538
7 0.590745 0.411058 0.0276442 0.0817308
7 0.600962 0.685697 0.0384615 0.0925481
7 0.59976 0.533654 0.0216346 0.0961538
7 0.611178 0.399038 0.0300481 0.0961538
7 0.620793 0.534856 0.0204327 0.0985577
7 0.627404 0.684495 0.0240385 0.0949519
7 0.632212 0.38762 0.0240385 0.126202
7 0.638822 0.522837 0.0276442 0.0985577
7 0.658053 0.53125 0.0228365 0.105769
7 0.658654 0.390625 0.0192308 0.112981
7 0.658053 0.67488 0.0228365 0.109375
7 0.683293 0.483774 0.0204327 0.111779
7 0.699519 0.477764 0.0192308 0.104567
7 0.71875 0.485577 0.0144231 0.115385
7 0.746394 0.478966 0.0264423 0.102163
7 0.758413 0.478365 0.0168269 0.0913462
7 0.776442 0.254207 0.0144231 0.109375
7 0.779447 0.480769 0.015625 0.105769
7 0.791466 0.250601 0.0252404 0.0829327
7 0.79988 0.482572 0.0228365 0.128606
7 0.817909 0.491587 0.0348558 0.0985577
7 0.840144 0.487981 0.0168269 0.105769
7 0.857572 0.487981 0.0180288 0.100962
7 0.862981 0.25601 0.0240385 0.117788
7 0.874399 0.280048 0.0276442 0.0841346
7 0.877404 0.485577 0.0192308 0.115385
7 0.894832 0.272837 0.0348558 0.09375
7 0.898438 0.495192 0.0180288 0.0961538
7 0.915865 0.276442 0.0240385 0.0913462
7 0.930889 0.495192 0.0300481 0.0961538
7 0.934495 0.273438 0.0180288 0.0709135
7 0.955529 0.494591 0.0264423 0.104567
7 0.970553 0.492788 0.0228365 0.115385
