26 0.134615 0.532452 0.105769 0.209135
26 0.0276442 0.807692 0.0552885 0.240385
26 0.0378606 0.676683 0.0757212 0.132212
26 0.0649038 0.237981 0.115385 0.245192
26 0.046875 0.610577 0.0745192 0.0817308
26 0.061899 0.460938 0.0516827 0.215144
26 0.117188 0.86238 0.157452 0.200721
26 0.153245 0.357572 0.0901442 0.186298
26 0.216346 0.926683 0.144231 0.146635
26 0.215745 0.295072 0.104567 0.11899
26 0.213341 0.515024 0.0709135 0.203125
26 0.265625 0.786058 0.170673 0.269231
26 0.233173 0.396034 0.0576923 0.0949519
26 0.299279 0.338942 0.09375 0.163462
26 0.314303 0.47476 0.0997596 0.209135
26 0.354567 0.566707 0.146635 0.272837
26 0.315505 0.240986 0.0637019 0.111779
26 0.317308 0.966947 0.0576923 0.0637019
26 0.40024 0.234976 0.132212 0.205529
26 0.425481 0.741587 0.173077 0.266827
26 0.411659 0.367188 0.0973558 0.104567
26 0.432692 0.933894 0.115385 0.132212
26 0.441106 0.515024 0.0985577 0.188702
26 0.448317 0.153245 0.0745192 0.133413
26 0.485577 0.488582 0.0913462 0.116587
26 0.510216 0.258413 0.0829327 0.137019
26 0.552284 0.90024 0.138221 0.146635
26 0.534255 0.0919471 0.0877404 0.174279
26 0.553486 0.783654 0.102163 0.144231
26 0.554688 0.38762 0.0997596 0.217548
26 0.550481 0.623798 0.0817308 0.223558
26 0.612981 0.046875 0.120192 0.09375
26 0.619591 0.195312 0.104567 0.159856
26 0.612981 0.347957 0.0817308 0.16226
26 0.629808 0.509615 0.0961538 0.168269
26 0.654447 0.117788 0.111779 0.177885
26 0.698317 0.813101 0.194712 0.203125
26 0.649038 0.670673 0.0913462 0.134615
26 0.66887 0.338942 0.0492788 0.149038
26 0.741587 0.540264 0.108173 0.219952
26 0.727764 0.185096 0.0564904 0.149038
26 0.774639 0.458534 0.15024 0.18149
26 0.775841 0.122596 0.0612981 0.163462
26 0.79988 0.0348558 0.0805288 0.0697115
26 0.844351 0.656851 0.13101 0.198317
26 0.844952 0.801082 0.132212 0.121394
26 0.822716 0.307091 0.0637019 0.114183
26 0.855168 0.240385 0.0853365 0.0817308
26 0.882212 0.169471 0.0961538 0.132212
26 0.903245 0.448918 0.123798 0.186298
26 0.921274 0.320913 0.111779 0.170673
26 0.926082 0.624399 0.106971 0.195913
26 0.949519 0.253606 0.0913462 0.0745192
26 0.978966 0.560096 0.0396635 0.139423
26 0.980168 0.425481 0.0324519 0.144231
26 0.98738 0.709135 0.0228365 0.144231
