28 0.213942 0.266827 0.0673077 0.0961538
28 0.26863 0.576923 0.0901442 0.173077
28 0.321514 0.09375 0.0661058 0.129808
28 0.399639 0.496995 0.102163 0.18149
28 0.478966 0.172476 0.102163 0.176683
28 0.536058 0.53726 0.0721154 0.103365
28 0.643029 0.752404 0.0649038 0.177885
28 0.661659 0.680889 0.0733173 0.188702
28 0.701322 0.439904 0.0709135 0.110577
28 0.727764 0.333534 0.0757212 0.104567
28 0.75601 0.0348558 0.108173 0.0697115
28 0.770433 0.432692 0.0793269 0.120192
28 0.836538 0.569712 0.0673077 0.115385
28 0.837139 0.463942 0.0637019 0.158654
28 0.873798 0.317308 0.0841346 0.158654
28 0.878606 0.584736 0.0697115 0.145433
28 0.915865 0.698918 0.0673077 0.123798
28 0.948317 0.814904 0.0841346 0.120192
