58 0.0997596 0.36899 0.0889423 0.228365
58 0.201923 0.316106 0.206731 0.444712
58 0.249399 0.363582 0.0709135 0.164663
58 0.288462 0.335337 0.105769 0.358173
58 0.383413 0.326322 0.0552885 0.219952
58 0.413462 0.302885 0.0913462 0.355769
58 0.545673 0.326923 0.100962 0.341346
58 0.557692 0.285457 0.0865385 0.16226
58 0.600962 0.583534 0.0961538 0.296875
58 0.614784 0.843149 0.0901442 0.30649
58 0.694111 0.283053 0.0564904 0.18149
58 0.734976 0.285457 0.0901442 0.383413
58 0.738582 0.661659 0.0973558 0.280048
58 0.940505 0.257812 0.0925481 0.299279
