25 0.115385 0.941106 0.168269 0.117788
25 0.109375 0.713341 0.137019 0.191106
25 0.11899 0.5625 0.137019 0.134615
25 0.250601 0.578726 0.121394 0.157452
25 0.273438 0.77524 0.147837 0.209135
25 0.4375 0.591346 0.134615 0.153846
25 0.490986 0.744591 0.145433 0.176683
25 0.115385 0.941106 0.168269 0.117788
25 0.109375 0.713341 0.137019 0.191106
25 0.11899 0.5625 0.137019 0.134615
25 0.250601 0.578726 0.121394 0.157452
25 0.273438 0.77524 0.147837 0.209135
25 0.4375 0.591346 0.134615 0.153846
25 0.490986 0.744591 0.145433 0.176683
