32 0.392428 0.678486 0.0540865 0.121394
32 0.0426683 0.423077 0.0853365 0.0817308
32 0.0739183 0.310697 0.147837 0.140625
32 0.170072 0.453726 0.128606 0.114183
32 0.238582 0.328125 0.121394 0.09375
32 0.323317 0.65625 0.0745192 0.134615
32 0.346755 0.584135 0.0733173 0.0817308
32 0.370192 0.637019 0.0528846 0.100962
32 0.404447 0.507212 0.0877404 0.0817308
32 0.417668 0.555288 0.0757212 0.0528846
32 0.434495 0.638221 0.0516827 0.146635
32 0.480769 0.520433 0.0576923 0.108173
32 0.485577 0.629808 0.0528846 0.139423
32 0.531851 0.591947 0.0444712 0.140625
32 0.554688 0.520433 0.0564904 0.0697115
32 0.58774 0.583534 0.0552885 0.0757212
32 0.849159 0.219351 0.299279 0.183894
