19 0.209135 0.622596 0.173077 0.283654
19 0.0492788 0.498197 0.0985577 0.217548
19 0.0576923 0.733173 0.115385 0.129808
19 0.160457 0.305889 0.138221 0.19351
19 0.188101 0.858173 0.183894 0.211538
19 0.32512 0.392428 0.159856 0.198317
19 0.388822 0.945312 0.210337 0.106971
19 0.410457 0.215144 0.0901442 0.170673
19 0.488582 0.682091 0.15024 0.311298
19 0.534255 0.452524 0.13101 0.222356
19 0.58113 0.248197 0.123798 0.198317
19 0.615986 0.0895433 0.121394 0.140625
19 0.705529 0.754808 0.180288 0.269231
19 0.722356 0.463341 0.141827 0.205529
19 0.740986 0.295673 0.106971 0.182692
19 0.754207 0.141827 0.114183 0.139423
19 0.894832 0.32512 0.145433 0.19351
19 0.903245 0.534856 0.157452 0.213942
19 0.908053 0.824519 0.167067 0.288462
19 0.927284 0.167067 0.128606 0.15625
