2 0.102163 0.180288 0.0745192 0.110577
2 0.20012 0.304688 0.0252404 0.0324519
2 0.230769 0.192308 0.0432692 0.0769231
2 0.238582 0.119591 0.0252404 0.046875
2 0.283053 0.607572 0.104567 0.167067
2 0.294471 0.766827 0.0504808 0.0721154
2 0.283654 0.116587 0.00961538 0.0120192
2 0.331731 0.158053 0.0240385 0.0516827
2 0.33113 0.111178 0.0132212 0.0252404
2 0.369591 0.125 0.0132212 0.0240385
2 0.40024 0.195312 0.0552885 0.106971
2 0.420072 0.117188 0.00841346 0.0132212
2 0.46875 0.139423 0.00961538 0.0144231
2 0.48137 0.147236 0.00600962 0.0204327
2 0.513221 0.197716 0.0408654 0.0877404
2 0.561899 0.176082 0.0228365 0.0444712
2 0.603966 0.109976 0.0108173 0.0372596
2 0.660457 0.578726 0.0997596 0.171875
2 0.626202 0.129808 0.0120192 0.0240385
2 0.649639 0.227163 0.0204327 0.0408654
2 0.692308 0.729567 0.0384615 0.0504808
2 0.677885 0.159856 0.00480769 0.0120192
2 0.71274 0.144832 0.0120192 0.0204327
2 0.713341 0.164062 0.0132212 0.015625
2 0.764423 0.768029 0.0576923 0.103365
2 0.759014 0.190505 0.0132212 0.015625
2 0.83774 0.677284 0.146635 0.200721
2 0.772837 0.158654 0.0120192 0.0144231
2 0.822716 0.13762 0.0204327 0.0444712
2 0.899038 0.172476 0.0288462 0.0516827
2 0.946514 0.159255 0.0228365 0.0588942
2 0.975962 0.14363 0.0144231 0.0276442
