26 0.751803 0.594952 0.0709135 0.0889423
26 0.283053 0.31851 0.0516827 0.09375
26 0.324519 0.391226 0.0625 0.0757212
26 0.328125 0.59976 0.0456731 0.03125
26 0.394231 0.375601 0.0528846 0.0829327
26 0.395433 0.670072 0.0264423 0.0516827
26 0.447716 0.472356 0.0540865 0.0697115
26 0.450721 0.342548 0.0504808 0.0697115
26 0.478365 0.701322 0.0192308 0.0661058
26 0.5625 0.292668 0.0336538 0.0757212
26 0.618389 0.294471 0.0444712 0.0552885
26 0.632812 0.234976 0.0588942 0.0661058
26 0.675481 0.497596 0.0673077 0.0721154
26 0.673678 0.590745 0.0540865 0.0709135
26 0.691106 0.300481 0.0456731 0.0528846
26 0.758413 0.914062 0.0504808 0.0877404
26 0.940505 0.548077 0.0348558 0.0480769
26 0.945312 0.235577 0.0444712 0.0913462
