18 0.0144231 0.810096 0.0288462 0.0673077
18 0.015625 0.683293 0.03125 0.0492788
18 0.0384615 0.893029 0.0673077 0.09375
18 0.0564904 0.985577 0.0649038 0.0288462
18 0.0853365 0.72476 0.0697115 0.0697115
18 0.13762 0.375 0.0685096 0.0721154
18 0.345553 0.816707 0.397837 0.320913
18 0.259014 0.383413 0.0564904 0.0600962
18 0.366587 0.56851 0.0456731 0.0456731
18 0.472356 0.259014 0.0408654 0.0661058
18 0.50601 0.275841 0.0408654 0.0612981
18 0.59375 0.65024 0.0673077 0.0649038
18 0.631611 0.978966 0.0901442 0.0396635
18 0.641827 0.709135 0.0913462 0.0576923
18 0.647837 0.874399 0.0793269 0.0853365
18 0.669471 0.778846 0.0793269 0.0769231
18 0.69351 0.654447 0.0745192 0.0637019
18 0.746394 0.981971 0.0697115 0.03125
18 0.774038 0.878606 0.0817308 0.0889423
18 0.777644 0.711538 0.0889423 0.0673077
18 0.832933 0.665865 0.0889423 0.0576923
18 0.834135 0.797476 0.0817308 0.0805288
18 0.878606 0.94351 0.09375 0.0985577
18 0.948918 0.690505 0.0805288 0.0685096
18 0.956731 0.82512 0.0865385 0.0829327
18 0.0144231 0.810096 0.0288462 0.0673077
18 0.015625 0.683293 0.03125 0.0492788
18 0.0384615 0.893029 0.0673077 0.09375
18 0.0564904 0.985577 0.0649038 0.0288462
18 0.0853365 0.72476 0.0697115 0.0697115
18 0.13762 0.375 0.0685096 0.0721154
18 0.345553 0.816707 0.397837 0.320913
18 0.259014 0.383413 0.0564904 0.0600962
18 0.366587 0.56851 0.0456731 0.0456731
18 0.472356 0.259014 0.0408654 0.0661058
18 0.50601 0.275841 0.0408654 0.0612981
18 0.59375 0.65024 0.0673077 0.0649038
18 0.631611 0.978966 0.0901442 0.0396635
18 0.641827 0.709135 0.0913462 0.0576923
18 0.647837 0.874399 0.0793269 0.0853365
18 0.669471 0.778846 0.0793269 0.0769231
18 0.69351 0.654447 0.0745192 0.0637019
18 0.746394 0.981971 0.0697115 0.03125
18 0.774038 0.878606 0.0817308 0.0889423
18 0.777644 0.711538 0.0889423 0.0673077
18 0.832933 0.665865 0.0889423 0.0576923
18 0.834135 0.797476 0.0817308 0.0805288
18 0.878606 0.94351 0.09375 0.0985577
18 0.948918 0.690505 0.0805288 0.0685096
18 0.956731 0.82512 0.0865385 0.0829327
18 0.0144231 0.810096 0.0288462 0.0673077
18 0.015625 0.683293 0.03125 0.0492788
18 0.0384615 0.893029 0.0673077 0.09375
18 0.0564904 0.985577 0.0649038 0.0288462
18 0.0853365 0.72476 0.0697115 0.0697115
18 0.13762 0.375 0.0685096 0.0721154
18 0.345553 0.816707 0.397837 0.320913
18 0.259014 0.383413 0.0564904 0.0600962
18 0.366587 0.56851 0.0456731 0.0456731
18 0.472356 0.259014 0.0408654 0.0661058
18 0.50601 0.275841 0.0408654 0.0612981
18 0.59375 0.65024 0.0673077 0.0649038
18 0.631611 0.978966 0.0901442 0.0396635
18 0.641827 0.709135 0.0913462 0.0576923
18 0.647837 0.874399 0.0793269 0.0853365
18 0.669471 0.778846 0.0793269 0.0769231
18 0.69351 0.654447 0.0745192 0.0637019
18 0.746394 0.981971 0.0697115 0.03125
18 0.774038 0.878606 0.0817308 0.0889423
18 0.777644 0.711538 0.0889423 0.0673077
18 0.832933 0.665865 0.0889423 0.0576923
18 0.834135 0.797476 0.0817308 0.0805288
18 0.878606 0.94351 0.09375 0.0985577
18 0.948918 0.690505 0.0805288 0.0685096
18 0.956731 0.82512 0.0865385 0.0829327
