25 0.316106 0.575721 0.28125 0.387019
25 0.412861 0.25 0.282452 0.403846
25 0.534255 0.805288 0.342548 0.389423
25 0.614183 0.41887 0.396635 0.558894
25 0.711538 0.180889 0.264423 0.289663
25 0.839543 0.734976 0.31851 0.455529
25 0.871995 0.439904 0.147837 0.245192
25 0.316106 0.575721 0.28125 0.387019
25 0.412861 0.25 0.282452 0.403846
25 0.534255 0.805288 0.342548 0.389423
25 0.614183 0.41887 0.396635 0.558894
25 0.711538 0.180889 0.264423 0.289663
25 0.839543 0.734976 0.31851 0.455529
25 0.871995 0.439904 0.147837 0.245192
