31 0.829928 0.521635 0.27524 0.346154
31 0.39363 0.664663 0.0564904 0.266827
31 0.464543 0.234976 0.126202 0.24399
31 0.513221 0.698918 0.180288 0.378606
31 0.522837 0.388221 0.103365 0.223558
31 0.605769 0.563702 0.216346 0.34375
31 0.628005 0.289062 0.19351 0.246394
31 0.715745 0.893029 0.186298 0.146635
31 0.753005 0.73137 0.251202 0.265625
31 0.726562 0.246995 0.0733173 0.0901442
31 0.819111 0.337139 0.215144 0.21274
31 0.863582 0.960337 0.270433 0.0793269
31 0.816707 0.211538 0.104567 0.0961538
31 0.826322 0.093149 0.123798 0.186298
31 0.903846 0.429688 0.192308 0.234375
31 0.929688 0.242788 0.138221 0.230769
31 0.957933 0.591346 0.0793269 0.168269
31 0.963942 0.708534 0.0721154 0.0901442
