31 0.707332 0.357572 0.510817 0.436298
31 0.0120192 0.865385 0.0240385 0.0913462
31 0.137019 0.659255 0.274038 0.356971
31 0.140024 0.111178 0.280048 0.222356
31 0.291466 0.805889 0.25601 0.332933
31 0.33113 0.43149 0.301683 0.377404
31 0.49399 0.176683 0.449519 0.353365
31 0.456731 0.876202 0.206731 0.247596
31 0.469351 0.631611 0.217548 0.282452
31 0.561298 0.670072 0.204327 0.258413
31 0.594952 0.91887 0.175481 0.159856
31 0.695312 0.757212 0.260817 0.264423
31 0.780048 0.868389 0.209135 0.222356
31 0.844952 0.542067 0.310096 0.319712
31 0.815505 0.939904 0.21274 0.120192
31 0.897837 0.675481 0.199519 0.302885
31 0.932091 0.84976 0.133413 0.204327
