56 0.703726 0.717548 0.0853365 0.108173
56 0.105769 0.927284 0.211538 0.143029
56 0.499399 0.483774 0.998798 0.140625
56 0.0973558 0.721755 0.09375 0.0925481
56 0.179087 0.700721 0.0697115 0.0985577
56 0.239183 0.717548 0.0841346 0.09375
56 0.253005 0.676082 0.0877404 0.0733173
56 0.445913 0.920072 0.454327 0.157452
56 0.337139 0.71875 0.0877404 0.100962
56 0.34976 0.665264 0.0841346 0.0661058
56 0.412861 0.695913 0.0709135 0.09375
56 0.417067 0.647236 0.0649038 0.0588942
56 0.475361 0.724159 0.0853365 0.0973558
56 0.477764 0.667067 0.0805288 0.0649038
56 0.561298 0.668269 0.0745192 0.0625
56 0.582933 0.722957 0.0745192 0.0805288
56 0.638221 0.670673 0.0697115 0.0961538
56 0.701923 0.668269 0.0721154 0.0576923
56 0.792067 0.669471 0.0745192 0.0841346
56 0.811899 0.707933 0.0757212 0.0793269
56 0.870192 0.680889 0.0528846 0.078125
