1 0.120192 0.605769 0.240385 0.620192
1 0.0210337 0.135817 0.0324519 0.0360577
1 0.0576923 0.0703125 0.0144231 0.0252404
1 0.0733173 0.0432692 0.0360577 0.0384615
1 0.216346 0.178486 0.134615 0.227163
1 0.27524 0.757812 0.0360577 0.0492788
1 0.334135 0.0612981 0.149038 0.122596
1 0.292668 0.529447 0.0132212 0.0300481
1 0.303486 0.5 0.0108173 0.0240385
1 0.347356 0.658654 0.03125 0.0384615
1 0.365385 0.907452 0.0192308 0.03125
1 0.381611 0.947716 0.0324519 0.0348558
1 0.382212 0.808293 0.0192308 0.0348558
1 0.403846 0.797476 0.0240385 0.0324519
1 0.408654 0.874399 0.0192308 0.0276442
1 0.420072 0.641827 0.0180288 0.0240385
1 0.452524 0.0186298 0.0252404 0.0372596
1 0.563702 0.0763221 0.0168269 0.0180288
1 0.578125 0.0588942 0.0168269 0.0264423
1 0.597356 0.0576923 0.0216346 0.0240385
