25 0.0432692 0.648438 0.0865385 0.143029
25 0.117788 0.573317 0.105769 0.137019
25 0.220553 0.152043 0.171875 0.135817
25 0.210337 0.508413 0.0793269 0.0552885
25 0.347957 0.357572 0.282452 0.186298
25 0.411659 0.796274 0.347356 0.38101
25 0.451322 0.179087 0.200721 0.127404
25 0.752404 0.891226 0.350962 0.215144
25 0.753606 0.376803 0.319712 0.469952
25 0.985577 0.949519 0.0288462 0.0961538
25 0.0432692 0.648438 0.0865385 0.143029
25 0.117788 0.573317 0.105769 0.137019
25 0.220553 0.152043 0.171875 0.135817
25 0.210337 0.508413 0.0793269 0.0552885
25 0.347957 0.357572 0.282452 0.186298
25 0.411659 0.796274 0.347356 0.38101
25 0.451322 0.179087 0.200721 0.127404
25 0.752404 0.891226 0.350962 0.215144
25 0.753606 0.376803 0.319712 0.469952
25 0.985577 0.949519 0.0288462 0.0961538
