18 0.156851 0.643029 0.236779 0.334135
18 0.198918 0.337139 0.205529 0.265625
18 0.394231 0.640625 0.235577 0.338942
18 0.403245 0.343149 0.215144 0.263221
18 0.608173 0.368389 0.216346 0.270433
18 0.626803 0.688101 0.239183 0.332933
18 0.816106 0.364784 0.209135 0.277644
18 0.849159 0.664062 0.236779 0.342548
18 0.156851 0.643029 0.236779 0.334135
18 0.198918 0.337139 0.205529 0.265625
18 0.394231 0.640625 0.235577 0.338942
18 0.403245 0.343149 0.215144 0.263221
18 0.608173 0.368389 0.216346 0.270433
18 0.626803 0.688101 0.239183 0.332933
18 0.816106 0.364784 0.209135 0.277644
18 0.849159 0.664062 0.236779 0.342548
18 0.156851 0.643029 0.236779 0.334135
18 0.198918 0.337139 0.205529 0.265625
18 0.394231 0.640625 0.235577 0.338942
18 0.403245 0.343149 0.215144 0.263221
18 0.608173 0.368389 0.216346 0.270433
18 0.626803 0.688101 0.239183 0.332933
18 0.816106 0.364784 0.209135 0.277644
18 0.849159 0.664062 0.236779 0.342548
