73 0.093149 0.680288 0.186298 0.278846
73 0.0204327 0.270433 0.0408654 0.161058
73 0.16226 0.249399 0.161058 0.16226
73 0.208534 0.412861 0.215144 0.24399
73 0.271635 0.576923 0.149038 0.230769
73 0.346154 0.235577 0.192308 0.153846
73 0.396034 0.372596 0.147837 0.173077
73 0.467548 0.528245 0.209135 0.234375
73 0.517428 0.206731 0.174279 0.168269
73 0.591346 0.345553 0.197115 0.18149
73 0.645433 0.516827 0.151442 0.201923
73 0.734375 0.289062 0.127404 0.145433
73 0.794471 0.45613 0.194712 0.234375
73 0.84976 0.265024 0.108173 0.13101
