62 0.472957 0.640625 0.542067 0.492788
62 0.00841346 0.263822 0.0168269 0.0276442
62 0.0492788 0.262019 0.03125 0.0432692
62 0.0534856 0.221154 0.0204327 0.0192308
62 0.0667067 0.213341 0.0228365 0.0228365
62 0.128005 0.629207 0.13101 0.167067
62 0.0745192 0.164663 0.0192308 0.0264423
62 0.0853365 0.242188 0.03125 0.0420673
62 0.10637 0.158053 0.0204327 0.0228365
62 0.183293 0.53726 0.0925481 0.141827
62 0.531851 0.160457 0.0492788 0.0276442
62 0.668269 0.34375 0.110577 0.0865385
62 0.695913 0.398438 0.0745192 0.0661058
62 0.692909 0.126803 0.015625 0.0276442
62 0.710938 0.159856 0.0324519 0.0360577
62 0.899038 0.144832 0.201923 0.135817
