21 0.0396635 0.395433 0.0793269 0.122596
21 0.0661058 0.51863 0.0841346 0.157452
21 0.208534 0.471755 0.0949519 0.174279
21 0.278846 0.442308 0.0240385 0.0576923
21 0.325721 0.583534 0.0745192 0.171875
21 0.327524 0.454928 0.0637019 0.0829327
21 0.442308 0.54387 0.0528846 0.15024
21 0.549279 0.606971 0.108173 0.185096
21 0.640024 0.463942 0.015625 0.0625
21 0.751803 0.477764 0.0324519 0.0661058
21 0.777043 0.561899 0.0204327 0.0901442
21 0.810096 0.64363 0.0384615 0.109375
21 0.846154 0.635817 0.0480769 0.122596
21 0.880409 0.566707 0.0300481 0.046875
21 0.913462 0.521635 0.0432692 0.0625
