18 0.124399 0.502404 0.186298 0.225962
18 0.15024 0.848558 0.233173 0.235577
18 0.209135 0.295072 0.221154 0.215144
18 0.321514 0.554688 0.24399 0.205529
18 0.34976 0.378606 0.228365 0.21875
18 0.513822 0.84976 0.263221 0.199519
18 0.124399 0.502404 0.186298 0.225962
18 0.15024 0.848558 0.233173 0.235577
18 0.209135 0.295072 0.221154 0.215144
18 0.321514 0.554688 0.24399 0.205529
18 0.34976 0.378606 0.228365 0.21875
18 0.513822 0.84976 0.263221 0.199519
18 0.124399 0.502404 0.186298 0.225962
18 0.15024 0.848558 0.233173 0.235577
18 0.209135 0.295072 0.221154 0.215144
18 0.321514 0.554688 0.24399 0.205529
18 0.34976 0.378606 0.228365 0.21875
18 0.513822 0.84976 0.263221 0.199519
