31 0.179087 0.678486 0.0793269 0.106971
31 0.131611 0.495192 0.0853365 0.110577
31 0.147236 0.582933 0.102163 0.127404
31 0.186899 0.398438 0.0612981 0.0853365
31 0.228966 0.739183 0.0973558 0.103365
31 0.21274 0.337139 0.0408654 0.0829327
31 0.404447 0.516226 0.38101 0.397837
31 0.25601 0.302284 0.0408654 0.0372596
31 0.403245 0.844351 0.0805288 0.13101
31 0.469952 0.864183 0.0793269 0.0985577
31 0.532452 0.858173 0.0697115 0.110577
31 0.563702 0.811298 0.0889423 0.112981
31 0.57512 0.482572 0.0300481 0.046875
31 0.60637 0.573918 0.0444712 0.0853365
31 0.605769 0.527644 0.0144231 0.0504808
31 0.808894 0.467548 0.242788 0.310096
