1 0.426082 0.766226 0.0925481 0.128606
1 0.125601 0.36899 0.0925481 0.112981
1 0.265625 0.491587 0.0985577 0.122596
1 0.326322 0.385817 0.0709135 0.0889423
1 0.376803 0.531851 0.0757212 0.106971
1 0.400841 0.952524 0.0709135 0.0925481
1 0.434495 0.70613 0.0853365 0.0612981
1 0.52524 0.284856 0.0504808 0.0745192
1 0.576322 0.791466 0.0997596 0.135817
1 0.591947 0.391226 0.0925481 0.0949519
1 0.573918 0.584135 0.0420673 0.0480769
1 0.630409 0.230769 0.0973558 0.0961538
1 0.699519 0.741587 0.129808 0.151442
1 0.754808 0.697115 0.0673077 0.0913462
1 0.789663 0.542067 0.0456731 0.108173
1 0.809495 0.448317 0.0757212 0.0649038
1 0.882212 0.770433 0.0576923 0.0793269
1 0.932692 0.54988 0.105769 0.123798
1 0.969952 0.423077 0.0552885 0.0528846
1 0.988582 0.182692 0.0204327 0.0480769
