18 0.0859375 0.684495 0.171875 0.229567
18 0.217548 0.094351 0.213942 0.179087
18 0.31851 0.38762 0.358173 0.203125
18 0.52524 0.882812 0.497596 0.227163
18 0.389423 0.0528846 0.168269 0.105769
18 0.479567 0.160457 0.228365 0.16226
18 0.640024 0.0895433 0.174279 0.13101
18 0.782452 0.550481 0.430288 0.269231
18 0.828726 0.25601 0.340144 0.21875
18 0.890625 0.15024 0.213942 0.146635
18 0.0859375 0.684495 0.171875 0.229567
18 0.217548 0.094351 0.213942 0.179087
18 0.31851 0.38762 0.358173 0.203125
18 0.52524 0.882812 0.497596 0.227163
18 0.389423 0.0528846 0.168269 0.105769
18 0.479567 0.160457 0.228365 0.16226
18 0.640024 0.0895433 0.174279 0.13101
18 0.782452 0.550481 0.430288 0.269231
18 0.828726 0.25601 0.340144 0.21875
18 0.890625 0.15024 0.213942 0.146635
18 0.0859375 0.684495 0.171875 0.229567
18 0.217548 0.094351 0.213942 0.179087
18 0.31851 0.38762 0.358173 0.203125
18 0.52524 0.882812 0.497596 0.227163
18 0.389423 0.0528846 0.168269 0.105769
18 0.479567 0.160457 0.228365 0.16226
18 0.640024 0.0895433 0.174279 0.13101
18 0.782452 0.550481 0.430288 0.269231
18 0.828726 0.25601 0.340144 0.21875
18 0.890625 0.15024 0.213942 0.146635
