14 0.313101 0.405649 0.222356 0.219952
14 0.167067 0.914062 0.0264423 0.0348558
14 0.185697 0.933293 0.0204327 0.0348558
14 0.20012 0.896034 0.0300481 0.0420673
14 0.207933 0.962139 0.03125 0.0396635
14 0.361178 0.835938 0.155048 0.133413
14 0.468149 0.391226 0.0276442 0.0901442
14 0.595553 0.498798 0.22476 0.151442
14 0.828125 0.880409 0.204327 0.155048
14 0.747596 0.461538 0.0384615 0.0432692
14 0.744591 0.415264 0.0276442 0.0516827
14 0.754808 0.42488 0.0240385 0.046875
14 0.873197 0.508413 0.207933 0.137019
