27 0.881611 0.728365 0.186298 0.1875
27 0.00841346 0.372596 0.0168269 0.0721154
27 0.0108173 0.30649 0.0216346 0.0649038
27 0.0763221 0.501202 0.152644 0.0985577
27 0.0841346 0.411058 0.134615 0.105769
27 0.0817308 0.227163 0.110577 0.0697115
27 0.0889423 0.283654 0.105769 0.0769231
27 0.205529 0.748197 0.170673 0.183894
27 0.191106 0.207933 0.108173 0.0793269
27 0.219952 0.529447 0.146635 0.126202
27 0.20613 0.311298 0.114183 0.0889423
27 0.195913 0.161659 0.0889423 0.0588942
27 0.219351 0.373798 0.126202 0.09375
27 0.314904 0.235577 0.100962 0.0721154
27 0.33113 0.288462 0.104567 0.0769231
27 0.349159 0.410457 0.13101 0.0949519
27 0.383413 0.495192 0.146635 0.125
27 0.42488 0.212139 0.104567 0.0685096
27 0.451322 0.311298 0.11899 0.0793269
27 0.480168 0.376803 0.128606 0.0997596
27 0.544471 0.230769 0.108173 0.0721154
27 0.566707 0.278846 0.0901442 0.0673077
27 0.61238 0.546875 0.152644 0.112981
27 0.66226 0.653846 0.151442 0.125
27 0.689904 0.415865 0.139423 0.105769
27 0.748798 0.50601 0.151442 0.103365
27 0.757812 0.317909 0.126202 0.078125
27 0.817909 0.395433 0.13101 0.0841346
27 0.862981 0.284255 0.120192 0.0925481
27 0.921875 0.540264 0.15625 0.128606
27 0.952524 0.419471 0.0925481 0.103365
27 0.966346 0.65024 0.0673077 0.151442
27 0.971154 0.305889 0.0576923 0.078125
