32 0.883413 0.653245 0.180288 0.28726
32 0.0727163 0.679087 0.135817 0.247596
32 0.0979567 0.424279 0.176683 0.223558
32 0.164062 0.169471 0.179087 0.223558
32 0.323317 0.445312 0.170673 0.236779
32 0.347957 0.742188 0.176683 0.253606
32 0.355168 0.168269 0.171875 0.235577
32 0.56851 0.222957 0.165865 0.229567
32 0.573317 0.0408654 0.161058 0.0817308
32 0.579928 0.536058 0.155048 0.225962
32 0.622596 0.76863 0.177885 0.210337
32 0.782452 0.373798 0.170673 0.252404
32 0.769832 0.103365 0.145433 0.206731
32 0.952524 0.0456731 0.0925481 0.0913462
