79 0.596154 0.816106 0.350962 0.21875
79 0.557091 0.109976 0.0805288 0.191106
79 0.757812 0.26863 0.481971 0.53726
79 0.720553 0.239784 0.330529 0.143029
79 0.771635 0.567909 0.427885 0.0733173
79 0.765024 0.652644 0.361779 0.0985577
79 0.739183 0.906851 0.305288 0.183894
79 0.792668 0.713942 0.41226 0.567308
79 0.652644 0.0504808 0.103365 0.100962
79 0.735577 0.0973558 0.110577 0.117788
79 0.795673 0.795673 0.144231 0.168269
79 0.805288 0.203125 0.144231 0.40625
79 0.902043 0.353966 0.19351 0.135817
79 0.896635 0.814303 0.168269 0.34976
79 0.932091 0.141827 0.133413 0.283654
79 0.936899 0.758413 0.123798 0.209135
79 0.952524 0.923678 0.0877404 0.145433
