21 0.348558 0.759014 0.403846 0.143029
21 0.162861 0.877404 0.0324519 0.0240385
21 0.41887 0.912861 0.366587 0.16226
21 0.286659 0.811899 0.0300481 0.0276442
21 0.323317 0.857572 0.0120192 0.0132212
21 0.325721 0.847356 0.0120192 0.0120192
21 0.341346 0.840144 0.0144231 0.0120192
21 0.348558 0.829928 0.0144231 0.015625
21 0.387019 0.828726 0.0144231 0.0132212
21 0.767428 0.832332 0.328125 0.0973558
21 0.634014 0.603966 0.0180288 0.0204327
21 0.645433 0.590144 0.0120192 0.0120192
21 0.655649 0.574519 0.0180288 0.0192308
