26 0.713942 0.722356 0.192308 0.146635
26 0.0721154 0.815505 0.0673077 0.155048
26 0.0697115 0.6875 0.0576923 0.0721154
26 0.176683 0.743389 0.146635 0.0733173
26 0.194712 0.615986 0.149038 0.0637019
26 0.325721 0.737981 0.170673 0.0769231
26 0.322115 0.58774 0.100962 0.0552885
26 0.337139 0.638822 0.0877404 0.046875
26 0.52524 0.73137 0.209135 0.13101
26 0.702524 0.52524 0.116587 0.0649038
26 0.692909 0.576322 0.0925481 0.0612981
26 0.715745 0.627404 0.0709135 0.0480769
26 0.800481 0.653245 0.115385 0.11899
26 0.814904 0.48738 0.0721154 0.0372596
26 0.880409 0.721154 0.140625 0.134615
26 0.850361 0.545673 0.0661058 0.0432692
26 0.884615 0.620793 0.100962 0.0588942
26 0.912861 0.577524 0.0949519 0.0829327
