31 0.665865 0.78726 0.225962 0.185096
31 0.125601 0.305288 0.0540865 0.0528846
31 0.13101 0.258413 0.0504808 0.0504808
31 0.13101 0.342548 0.0504808 0.0216346
31 0.190505 0.667668 0.106971 0.0997596
31 0.176683 0.24399 0.0552885 0.0552885
31 0.177284 0.323317 0.0564904 0.0456731
31 0.177885 0.289062 0.0480769 0.0300481
31 0.222957 0.613582 0.0949519 0.0348558
31 0.224159 0.335938 0.0444712 0.0324519
31 0.228365 0.292668 0.0480769 0.0516827
31 0.24399 0.24399 0.0504808 0.0456731
31 0.246995 0.314904 0.046875 0.0480769
31 0.283053 0.748197 0.0612981 0.0685096
31 0.278245 0.291466 0.046875 0.0444712
31 0.283654 0.33113 0.0528846 0.0276442
31 0.301082 0.251202 0.0540865 0.0552885
31 0.302885 0.675481 0.0432692 0.0721154
31 0.305889 0.787861 0.0444712 0.0661058
31 0.319712 0.707332 0.0528846 0.0588942
31 0.333534 0.332933 0.0516827 0.0264423
31 0.344351 0.266226 0.0540865 0.046875
31 0.353966 0.783654 0.0588942 0.0721154
31 0.356971 0.661659 0.0600962 0.0637019
31 0.372596 0.83774 0.0721154 0.0504808
31 0.372596 0.731971 0.0480769 0.0504808
31 0.41226 0.876803 0.0697115 0.0612981
31 0.409856 0.782452 0.0600962 0.0697115
31 0.424279 0.704928 0.0697115 0.0637019
31 0.418269 0.385216 0.0528846 0.0733173
31 0.460337 0.751803 0.0600962 0.0661058
31 0.480168 0.38762 0.0709135 0.0540865
31 0.486178 0.448317 0.0733173 0.0600962
31 0.478966 0.81851 0.0204327 0.0649038
31 0.621394 0.917067 0.257212 0.132212
31 0.667067 0.650841 0.185096 0.0997596
31 0.832933 0.65024 0.161058 0.0985577
31 0.865385 0.752404 0.197115 0.197115
31 0.882212 0.918269 0.211538 0.139423
