79 0.189904 0.644832 0.158654 0.159856
79 0.185697 0.803486 0.13101 0.13101
79 0.21875 0.246394 0.144231 0.127404
79 0.21875 0.499399 0.144231 0.133413
79 0.227163 0.361178 0.137019 0.126202
79 0.334135 0.800481 0.149038 0.153846
79 0.34976 0.638221 0.141827 0.146635
79 0.351562 0.368389 0.126202 0.116587
79 0.347957 0.244591 0.114183 0.133413
79 0.364183 0.495793 0.132212 0.126202
79 0.467548 0.236779 0.141827 0.146635
79 0.495793 0.388822 0.145433 0.128606
79 0.503005 0.534856 0.155048 0.146635
79 0.504808 0.831731 0.153846 0.153846
79 0.508413 0.691106 0.141827 0.137019
79 0.620793 0.244591 0.155048 0.157452
79 0.649038 0.670673 0.158654 0.158654
79 0.651442 0.832933 0.144231 0.127404
79 0.659255 0.518029 0.159856 0.146635
79 0.641226 0.379207 0.109375 0.123798
79 0.767428 0.25601 0.15024 0.146635
79 0.772837 0.38762 0.137019 0.135817
79 0.794471 0.821514 0.132212 0.123798
79 0.805889 0.528846 0.15024 0.158654
79 0.808293 0.68149 0.13101 0.141827
