79 0.125 0.545673 0.25 0.538462
79 0.24399 0.129808 0.487981 0.259615
79 0.5 0.28125 1 0.5625
79 0.359976 0.65625 0.421875 0.25
79 0.366587 0.646034 0.411058 0.248798
79 0.365385 0.527644 0.399038 0.175481
79 0.391827 0.397236 0.298077 0.159856
79 0.389423 0.207933 0.211538 0.141827
79 0.459135 0.283654 0.206731 0.144231
79 0.671875 0.54387 0.358173 0.116587
79 0.695913 0.667067 0.387019 0.290865
79 0.653846 0.215745 0.245192 0.147837
79 0.786058 0.371995 0.403846 0.354567
79 0.822716 0.177885 0.251202 0.129808
