54 0.381611 0.889423 0.128606 0.120192
54 0.373197 0.686298 0.0829327 0.0985577
54 0.422476 0.786058 0.133413 0.134615
54 0.367788 0.571514 0.0240385 0.0612981
54 0.426683 0.482572 0.0985577 0.147837
54 0.399639 0.373197 0.0252404 0.0877404
54 0.475962 0.667668 0.134615 0.138221
54 0.462139 0.3125 0.0973558 0.158654
54 0.458534 0.204928 0.0661058 0.15024
54 0.53125 0.725361 0.134615 0.167067
54 0.551683 0.163462 0.117788 0.168269
54 0.572716 0.355168 0.116587 0.11899
54 0.602764 0.864183 0.104567 0.141827
54 0.603365 0.472356 0.105769 0.127404
54 0.682091 0.414663 0.114183 0.185096
54 0.685697 0.638221 0.0829327 0.161058
54 0.726562 0.290264 0.0925481 0.147837
54 0.763822 0.215144 0.0853365 0.146635
54 0.778846 0.382212 0.0576923 0.0961538
