53 0.165264 0.198918 0.296875 0.296875
53 0.158654 0.588341 0.168269 0.171875
53 0.253606 0.481971 0.300481 0.290865
53 0.23738 0.744591 0.263221 0.248798
53 0.236178 0.704928 0.126202 0.121394
53 0.308293 0.221154 0.21274 0.278846
53 0.341346 0.855769 0.264423 0.264423
53 0.402043 0.677885 0.217548 0.197115
53 0.435096 0.337139 0.240385 0.25601
53 0.442308 0.109375 0.235577 0.209135
53 0.445312 0.518029 0.227163 0.204327
53 0.547476 0.811298 0.268029 0.228365
53 0.596755 0.209736 0.280048 0.280048
53 0.591947 0.647837 0.25601 0.247596
53 0.594952 0.232572 0.180288 0.186298
53 0.598558 0.43149 0.134615 0.223558
53 0.799279 0.445312 0.276442 0.328125
53 0.753005 0.280649 0.179087 0.0997596
53 0.733774 0.748798 0.121394 0.117788
53 0.834736 0.151442 0.246394 0.235577
53 0.890024 0.76863 0.19351 0.200721
53 0.910457 0.344351 0.11899 0.231971
53 0.932091 0.527043 0.128606 0.164663
