56 0.73738 0.675481 0.0757212 0.110577
56 0.42488 0.596154 0.0564904 0.0673077
56 0.447716 0.63101 0.0733173 0.0697115
56 0.470553 0.589543 0.0516827 0.0444712
56 0.501803 0.634014 0.0661058 0.0709135
56 0.510216 0.572115 0.0540865 0.0336538
56 0.54387 0.648438 0.0637019 0.0805288
56 0.571514 0.580529 0.0661058 0.0504808
56 0.578125 0.612981 0.0600962 0.0336538
56 0.604567 0.655048 0.0552885 0.0745192
56 0.620793 0.590745 0.0685096 0.0372596
56 0.631611 0.61899 0.0564904 0.0504808
56 0.671274 0.653245 0.0588942 0.0805288
56 0.673678 0.585337 0.0637019 0.0360577
56 0.683293 0.615986 0.0492788 0.0444712
56 0.736178 0.618389 0.0685096 0.0637019
56 0.798077 0.658053 0.0673077 0.0757212
