44 0.106971 0.455529 0.0793269 0.127404
44 0.183293 0.463341 0.111779 0.123798
44 0.186298 0.32512 0.103365 0.198317
44 0.207933 0.841947 0.0360577 0.0637019
44 0.239183 0.737981 0.0360577 0.0384615
44 0.245192 0.876803 0.0480769 0.0805288
44 0.239784 0.677885 0.0228365 0.0865385
44 0.271635 0.704928 0.0288462 0.0637019
44 0.276442 0.753005 0.0336538 0.0540865
44 0.309495 0.775841 0.0372596 0.0709135
44 0.492788 0.781851 0.25 0.241587
44 0.668269 0.730168 0.0480769 0.0516827
44 0.665865 0.810096 0.0336538 0.0576923
44 0.720553 0.75 0.104567 0.245192
44 0.709135 0.86899 0.0673077 0.0841346
44 0.748798 0.852764 0.0408654 0.0709135
44 0.751803 0.684495 0.0372596 0.0805288
44 0.768029 0.769231 0.0408654 0.0817308
44 0.766226 0.709736 0.0324519 0.0588942
