44 0.0925481 0.358173 0.0745192 0.110577
44 0.0991587 0.682692 0.0348558 0.0288462
44 0.191106 0.955529 0.0456731 0.0793269
44 0.205529 0.360577 0.0745192 0.0865385
44 0.201923 0.697115 0.0384615 0.0576923
44 0.22476 0.731971 0.0264423 0.0456731
44 0.519231 0.83774 0.600962 0.324519
44 0.278846 0.274639 0.0528846 0.078125
44 0.328125 0.378606 0.0649038 0.0793269
44 0.450721 0.370192 0.0889423 0.115385
44 0.548678 0.387019 0.0540865 0.0721154
44 0.54988 0.604567 0.0372596 0.0408654
44 0.65625 0.38101 0.0673077 0.09375
44 0.730168 0.394231 0.0516827 0.0721154
44 0.854567 0.38762 0.0697115 0.0925481
44 0.916466 0.704928 0.0300481 0.0300481
44 0.954327 0.699519 0.0336538 0.0288462
