25 0.223558 0.549279 0.100962 0.161058
25 0.230168 0.717548 0.114183 0.194712
25 0.242788 0.399038 0.0913462 0.134615
25 0.339543 0.328726 0.0877404 0.133413
25 0.438101 0.723558 0.116587 0.192308
25 0.434495 0.408654 0.0901442 0.144231
25 0.598558 0.330529 0.105769 0.175481
25 0.709135 0.388221 0.115385 0.189904
25 0.726562 0.266827 0.106971 0.144231
25 0.223558 0.549279 0.100962 0.161058
25 0.230168 0.717548 0.114183 0.194712
25 0.242788 0.399038 0.0913462 0.134615
25 0.339543 0.328726 0.0877404 0.133413
25 0.438101 0.723558 0.116587 0.192308
25 0.434495 0.408654 0.0901442 0.144231
25 0.598558 0.330529 0.105769 0.175481
25 0.709135 0.388221 0.115385 0.189904
25 0.726562 0.266827 0.106971 0.144231
