9 0.0384615 0.352163 0.0769231 0.170673
9 0.15625 0.0835337 0.201923 0.0997596
9 0.299279 0.879207 0.46875 0.239183
9 0.226562 0.576923 0.304087 0.240385
9 0.222356 0.288462 0.21875 0.197115
9 0.311298 0.0757212 0.189904 0.141827
9 0.490986 0.45012 0.323317 0.159856
9 0.45012 0.219952 0.198317 0.0985577
9 0.526442 0.138822 0.158654 0.219952
9 0.737981 0.820913 0.519231 0.358173
9 0.634615 0.16226 0.0913462 0.15625
9 0.748197 0.343149 0.21274 0.171875
9 0.668269 0.00600962 0.0480769 0.0120192
9 0.822115 0.523438 0.283654 0.157452
9 0.808894 0.0679087 0.122596 0.135817
9 0.910457 0.608173 0.176683 0.225962
9 0.915264 0.32512 0.167067 0.155048
9 0.897837 0.063101 0.09375 0.0877404
9 0.942308 0.0396635 0.110577 0.0793269
