18 0.672476 0.229567 0.258413 0.233173
18 0.0444712 0.430889 0.0889423 0.265625
18 0.145433 0.661659 0.290865 0.409856
18 0.274038 0.888221 0.3125 0.223558
18 0.304688 0.445913 0.344952 0.367788
18 0.507212 0.746394 0.298077 0.463942
18 0.688101 0.439904 0.486779 0.269231
18 0.83113 0.783654 0.311298 0.432692
18 0.672476 0.229567 0.258413 0.233173
18 0.0444712 0.430889 0.0889423 0.265625
18 0.145433 0.661659 0.290865 0.409856
18 0.274038 0.888221 0.3125 0.223558
18 0.304688 0.445913 0.344952 0.367788
18 0.507212 0.746394 0.298077 0.463942
18 0.688101 0.439904 0.486779 0.269231
18 0.83113 0.783654 0.311298 0.432692
18 0.672476 0.229567 0.258413 0.233173
18 0.0444712 0.430889 0.0889423 0.265625
18 0.145433 0.661659 0.290865 0.409856
18 0.274038 0.888221 0.3125 0.223558
18 0.304688 0.445913 0.344952 0.367788
18 0.507212 0.746394 0.298077 0.463942
18 0.688101 0.439904 0.486779 0.269231
18 0.83113 0.783654 0.311298 0.432692
