77 0.0396635 0.231971 0.0360577 0.194712
77 0.171875 0.859375 0.290865 0.199519
77 0.0679087 0.545072 0.0444712 0.186298
77 0.0841346 0.23137 0.0384615 0.188702
77 0.130409 0.242788 0.0396635 0.168269
77 0.142428 0.544471 0.0444712 0.194712
77 0.175481 0.234976 0.0432692 0.195913
77 0.182692 0.53726 0.0384615 0.185096
77 0.210337 0.236178 0.0264423 0.179087
77 0.230168 0.228966 0.0372596 0.198317
77 0.24399 0.540865 0.0360577 0.182692
77 0.273438 0.544471 0.0372596 0.189904
77 0.271034 0.234976 0.0228365 0.18149
77 0.290865 0.225962 0.0432692 0.192308
77 0.307692 0.543269 0.0288462 0.177885
77 0.368389 0.233173 0.0396635 0.168269
77 0.509014 0.852764 0.292067 0.186298
77 0.38762 0.539062 0.0396635 0.188702
77 0.421274 0.236779 0.0396635 0.175481
77 0.450721 0.542668 0.0360577 0.18149
77 0.459135 0.239784 0.0288462 0.171875
77 0.490986 0.227163 0.0396635 0.189904
77 0.503005 0.539062 0.0300481 0.174279
77 0.522236 0.232572 0.0348558 0.186298
77 0.525841 0.54988 0.0372596 0.16226
77 0.564303 0.541466 0.0372596 0.179087
77 0.573317 0.231971 0.0360577 0.185096
77 0.593149 0.539062 0.0372596 0.198317
77 0.628606 0.230168 0.0360577 0.18149
77 0.628606 0.54387 0.0360577 0.188702
77 0.680889 0.538462 0.0348558 0.201923
77 0.683293 0.836538 0.0348558 0.177885
77 0.70012 0.18149 0.0540865 0.271635
77 0.729567 0.550481 0.0360577 0.177885
77 0.733774 0.866587 0.0300481 0.185096
77 0.740385 0.190505 0.0336538 0.265625
77 0.760817 0.837139 0.0360577 0.183894
77 0.76863 0.532452 0.0276442 0.189904
77 0.783053 0.216346 0.0420673 0.230769
77 0.796274 0.542067 0.0348558 0.209135
77 0.811899 0.855168 0.0420673 0.195913
77 0.829327 0.196514 0.0673077 0.24399
77 0.832332 0.539062 0.0300481 0.188702
77 0.850361 0.837139 0.0420673 0.183894
77 0.871394 0.209736 0.0504808 0.227163
77 0.908654 0.867788 0.0432692 0.168269
77 0.922476 0.536058 0.0420673 0.206731
77 0.923678 0.21274 0.0444712 0.223558
77 0.947716 0.846755 0.0300481 0.203125
