58 0.0504808 0.0655048 0.0769231 0.0925481
58 0.0492788 0.587139 0.0745192 0.102163
58 0.0552885 0.679087 0.0817308 0.0793269
58 0.0576923 0.157452 0.0817308 0.0985577
58 0.0576923 0.371394 0.0769231 0.103365
58 0.0649038 0.265625 0.0721154 0.103365
58 0.0667067 0.793269 0.0709135 0.110577
58 0.0691106 0.882212 0.0709135 0.0576923
58 0.135216 0.419471 0.0829327 0.0985577
58 0.135216 0.846755 0.0685096 0.102163
58 0.130409 0.0348558 0.0444712 0.03125
58 0.145433 0.523438 0.0697115 0.109375
58 0.221755 0.677284 0.078125 0.0853365
58 0.217548 0.0348558 0.0649038 0.0504808
58 0.221755 0.78726 0.0685096 0.103365
58 0.209736 0.59375 0.0396635 0.105769
58 0.743389 0.061899 0.0637019 0.0997596
58 0.828726 0.210938 0.0805288 0.0901442
58 0.836538 0.107572 0.0769231 0.109375
58 0.829327 0.322115 0.0528846 0.105769
58 0.908053 0.0655048 0.0757212 0.0925481
58 0.916466 0.148438 0.0877404 0.0901442
58 0.907452 0.259014 0.0697115 0.0997596
58 0.921274 0.370793 0.0877404 0.0829327
58 0.91226 0.589543 0.0649038 0.102163
58 0.925481 0.479567 0.0913462 0.112981
58 0.91887 0.882212 0.0685096 0.0576923
58 0.967548 0.521034 0.03125 0.0853365
