14 0.0414663 0.75601 0.0829327 0.0793269
14 0.0504808 0.457933 0.100962 0.117788
14 0.0673077 0.516827 0.134615 0.105769
14 0.0895433 0.670673 0.179087 0.134615
14 0.105769 0.581731 0.211538 0.120192
14 0.115385 0.548077 0.230769 0.139423
14 0.120793 0.605769 0.241587 0.163462
14 0.240385 0.19351 0.480769 0.338942
14 0.121394 0.881611 0.223558 0.234375
14 0.164062 0.652043 0.246394 0.188702
14 0.340144 0.378606 0.536058 0.257212
14 0.257812 0.717548 0.251202 0.170673
14 0.29988 0.653846 0.24399 0.139423
14 0.323317 0.751803 0.276442 0.195913
14 0.331731 0.870192 0.192308 0.173077
14 0.552885 0.111779 0.504808 0.223558
14 0.603365 0.905048 0.576923 0.189904
14 0.446514 0.847957 0.24399 0.195913
14 0.450721 0.779447 0.108173 0.236779
14 0.671875 0.585337 0.387019 0.108173
14 0.749399 0.446514 0.498798 0.24399
14 0.648438 0.586538 0.0853365 0.0913462
14 0.699519 0.63101 0.125 0.108173
14 0.810697 0.304688 0.304087 0.195913
14 0.842548 0.722957 0.262019 0.147837
14 0.843149 0.570312 0.239183 0.0973558
14 0.816106 0.634014 0.127404 0.0709135
14 0.921875 0.503606 0.151442 0.165865
14 0.929688 0.0661058 0.138221 0.132212
14 0.960337 0.553486 0.0793269 0.0925481
