79 0.0709135 0.289062 0.141827 0.15024
79 0.180288 0.544471 0.245192 0.0841346
79 0.173077 0.335337 0.177885 0.117788
79 0.237981 0.332933 0.1875 0.132212
79 0.219351 0.553486 0.121394 0.145433
79 0.461538 0.533053 0.596154 0.316106
79 0.375601 0.14363 0.38101 0.0997596
79 0.373197 0.671274 0.31851 0.126202
79 0.451322 0.196514 0.455529 0.186298
79 0.446514 0.180288 0.311298 0.100962
79 0.58774 0.644231 0.555288 0.423077
79 0.521635 0.28726 0.336538 0.151442
79 0.518029 0.940505 0.175481 0.116587
79 0.641827 0.899038 0.283654 0.192308
79 0.730168 0.307692 0.205529 0.129808
79 0.739784 0.861178 0.147837 0.27524
79 0.742188 0.216947 0.114183 0.121394
79 0.879207 0.459736 0.239183 0.25601
79 0.89363 0.827524 0.200721 0.342548
79 0.927885 0.194712 0.144231 0.105769
