49 0.11899 0.346755 0.0168269 0.0204327
49 0.124399 0.471154 0.0180288 0.0240385
49 0.239183 0.371995 0.0216346 0.0180288
49 0.254808 0.334135 0.0144231 0.0240385
49 0.272837 0.4375 0.0168269 0.0240385
49 0.351562 0.442308 0.0204327 0.0240385
49 0.366587 0.486779 0.0120192 0.0120192
49 0.401442 0.316707 0.0192308 0.0180288
49 0.41226 0.471154 0.0120192 0.0144231
49 0.42488 0.314904 0.0180288 0.0192308
49 0.454327 0.320913 0.0192308 0.03125
49 0.456731 0.00961538 0.0240385 0.0192308
49 0.459135 0.486178 0.0144231 0.015625
49 0.481971 0.335938 0.0264423 0.0228365
49 0.489183 0.00961538 0.0264423 0.0192308
49 0.490986 0.31851 0.0252404 0.03125
49 0.49399 0.531851 0.0120192 0.015625
49 0.505409 0.0426683 0.0204327 0.0324519
49 0.530649 0.425481 0.0228365 0.0336538
49 0.56851 0.278846 0.0216346 0.0336538
49 0.578726 0.395433 0.0180288 0.03125
49 0.591947 0.286058 0.0252404 0.0336538
49 0.61238 0.467548 0.0228365 0.03125
49 0.676082 0.441707 0.0300481 0.0420673
49 0.713341 0.415264 0.0324519 0.046875
49 0.759014 0.09375 0.0180288 0.0240385
49 0.79988 0.0240385 0.0132212 0.0192308
49 0.879207 0.444111 0.0228365 0.0420673
49 0.903846 0.0612981 0.0240385 0.0216346
49 0.904447 0.101562 0.0204327 0.0252404
49 0.930889 0.0793269 0.0204327 0.0336538
49 0.951923 0.0721154 0.0192308 0.0240385
49 0.969952 0.386418 0.0120192 0.0276442
