31 0.503606 0.615385 0.141827 0.197115
31 0.0907452 0.897837 0.0805288 0.161058
31 0.0973558 0.288462 0.0745192 0.110577
31 0.0817308 0.232572 0.0336538 0.0949519
31 0.131611 0.34976 0.0564904 0.0841346
31 0.144231 0.0655048 0.0769231 0.13101
31 0.146635 0.643029 0.0480769 0.103365
31 0.204928 0.644231 0.0733173 0.0721154
31 0.254207 0.329928 0.0757212 0.0829327
31 0.326322 0.933293 0.143029 0.13101
31 0.407452 0.616587 0.09375 0.112981
31 0.427284 0.341947 0.0805288 0.174279
31 0.476562 0.303486 0.0637019 0.135817
31 0.53125 0.82512 0.163462 0.246394
31 0.631611 0.644832 0.167067 0.198317
31 0.645433 0.0955529 0.0985577 0.138221
31 0.763822 0.677885 0.157452 0.134615
31 0.767428 0.251803 0.121394 0.210337
31 0.90024 0.834736 0.185096 0.270433
31 0.882812 0.186899 0.140625 0.16226
31 0.894832 0.33774 0.126202 0.209135
