75 0.102163 0.138822 0.0889423 0.0709135
75 0.145433 0.190505 0.0168269 0.0108173
75 0.149639 0.176683 0.0108173 0.0120192
75 0.164062 0.185697 0.0108173 0.015625
75 0.319712 0.804688 0.0288462 0.0180288
75 0.381611 0.584135 0.114183 0.206731
75 0.40024 0.774639 0.0216346 0.015625
75 0.402644 0.725962 0.0168269 0.0144231
75 0.413462 0.685697 0.0144231 0.015625
75 0.418269 0.756611 0.00961538 0.0132212
75 0.428486 0.380409 0.0108173 0.015625
75 0.440505 0.76863 0.0300481 0.0180288
75 0.4375 0.686298 0.0144231 0.0120192
75 0.453726 0.692909 0.0180288 0.0108173
75 0.455529 0.507812 0.0120192 0.015625
75 0.457933 0.716947 0.0168269 0.0108173
75 0.456731 0.581731 0.00961538 0.0192308
75 0.461538 0.463942 0.00961538 0.0144231
75 0.471755 0.655649 0.0108173 0.0132212
75 0.508413 0.608774 0.0745192 0.0829327
75 0.477163 0.748798 0.00721154 0.0120192
75 0.495192 0.773438 0.0432692 0.0228365
75 0.490986 0.512019 0.0300481 0.0144231
75 0.480769 0.473558 0.00961538 0.0144231
75 0.484375 0.68149 0.0120192 0.03125
75 0.498197 0.733774 0.0108173 0.015625
75 0.536058 0.700721 0.0625 0.0985577
75 0.517428 0.505409 0.0108173 0.0108173
75 0.517428 0.73738 0.0108173 0.0228365
75 0.52524 0.848558 0.0216346 0.0240385
75 0.531851 0.458534 0.0348558 0.0276442
75 0.540264 0.778846 0.0228365 0.0336538
75 0.548077 0.515625 0.0144231 0.0120192
75 0.6875 0.584135 0.288462 0.341346
75 0.561899 0.441106 0.0132212 0.0168269
75 0.625601 0.743389 0.13101 0.106971
75 0.670673 0.845553 0.105769 0.0853365
75 0.73738 0.451322 0.0372596 0.0276442
75 0.738582 0.805288 0.0204327 0.0336538
75 0.780649 0.872596 0.0228365 0.0240385
75 0.78726 0.830529 0.0216346 0.0120192
75 0.802885 0.451923 0.0192308 0.00961538
75 0.817909 0.46875 0.0204327 0.0144231
75 0.848558 0.581731 0.00961538 0.0144231
75 0.911058 0.600361 0.0144231 0.0180288
75 0.924279 0.570913 0.00721154 0.0120192
75 0.934495 0.526442 0.0132212 0.0144231
75 0.961538 0.539663 0.00961538 0.0120192
