31 0.613582 0.0853365 0.0877404 0.117788
31 0.367188 0.184495 0.0516827 0.143029
31 0.419471 0.158654 0.0889423 0.0961538
31 0.427284 0.26863 0.0564904 0.128606
31 0.473558 0.483173 0.0673077 0.100962
31 0.473558 0.227764 0.0480769 0.143029
31 0.505409 0.483173 0.0829327 0.139423
31 0.507812 0.41226 0.0588942 0.09375
31 0.560096 0.467548 0.0576923 0.146635
31 0.59976 0.463942 0.0697115 0.139423
31 0.604567 0.742188 0.0745192 0.133413
31 0.634615 0.725361 0.0769231 0.109375
31 0.63762 0.679688 0.0588942 0.0949519
31 0.654447 0.817909 0.0925481 0.0733173
31 0.675481 0.750601 0.0625 0.126202
31 0.715745 0.77524 0.0757212 0.112981
31 0.86899 0.620192 0.257212 0.456731
