44 0.407452 0.635817 0.305288 0.247596
44 0.598558 0.502404 0.115385 0.0817308
44 0.745793 0.610577 0.347356 0.182692
44 0.745793 0.382212 0.0396635 0.0288462
44 0.820913 0.507212 0.170673 0.0961538
44 0.784255 0.337139 0.0252404 0.0348558
44 0.807692 0.410457 0.0480769 0.0564904
44 0.823918 0.459135 0.0661058 0.0817308
44 0.850361 0.341346 0.0324519 0.0336538
44 0.851562 0.416466 0.0348558 0.0637019
44 0.88762 0.338341 0.0492788 0.046875
44 0.896034 0.421875 0.0372596 0.0552885
44 0.902043 0.383413 0.0252404 0.0360577
