79 0.421875 0.448918 0.598558 0.676683
79 0.188702 0.869591 0.286058 0.18149
79 0.182091 0.94351 0.24399 0.108173
79 0.169471 0.588341 0.137019 0.133413
79 0.257212 0.377404 0.254808 0.0721154
79 0.269231 0.292067 0.259615 0.0841346
79 0.286659 0.213341 0.280048 0.128606
79 0.237981 0.122596 0.134615 0.0769231
79 0.303486 0.0901442 0.227163 0.09375
79 0.395433 0.755409 0.362981 0.207933
79 0.428486 0.886418 0.40024 0.22476
79 0.518029 0.105769 0.233173 0.100962
79 0.769832 0.550481 0.361779 0.149038
79 0.794471 0.899038 0.40625 0.197115
79 0.788462 0.715144 0.375 0.185096
79 0.77524 0.0949519 0.242788 0.146635
79 0.824519 0.207933 0.192308 0.165865
79 0.84976 0.382812 0.180288 0.145433
