75 0.418269 0.71875 0.163462 0.125
75 0.347957 0.540264 0.109375 0.0757212
75 0.515625 0.5625 0.0600962 0.0384615
75 0.547476 0.521034 0.0805288 0.0324519
75 0.558894 0.495793 0.0360577 0.0300481
75 0.557091 0.470553 0.0276442 0.0276442
75 0.633413 0.644231 0.146635 0.0865385
75 0.647837 0.747596 0.170673 0.110577
75 0.616587 0.572115 0.0793269 0.0721154
75 0.620793 0.435096 0.0877404 0.0384615
75 0.649038 0.532452 0.105769 0.0408654
75 0.673678 0.582933 0.0540865 0.0456731
75 0.689303 0.507212 0.0709135 0.0384615
75 0.696514 0.465745 0.0612981 0.0564904
75 0.85637 0.780048 0.198317 0.132212
