56 0.661659 0.653846 0.135817 0.192308
56 0.101562 0.725361 0.179087 0.22476
56 0.0793269 0.230769 0.129808 0.129808
56 0.094351 0.500601 0.159856 0.203125
56 0.0949519 0.352163 0.146635 0.15625
56 0.13101 0.975962 0.0793269 0.0480769
56 0.229567 0.830529 0.09375 0.09375
56 0.248798 0.236779 0.132212 0.146635
56 0.239784 0.96875 0.0949519 0.0625
56 0.259014 0.354567 0.128606 0.141827
56 0.278245 0.495793 0.143029 0.179087
56 0.31851 0.70012 0.15625 0.207933
56 0.33774 0.826923 0.0745192 0.0769231
56 0.359976 0.948918 0.0901442 0.0997596
56 0.376202 0.237981 0.112981 0.134615
56 0.419471 0.355769 0.132212 0.163462
56 0.429688 0.800481 0.0853365 0.0913462
56 0.463341 0.495793 0.143029 0.140625
56 0.459135 0.923077 0.0913462 0.120192
56 0.5 0.646635 0.134615 0.216346
56 0.546274 0.353365 0.111779 0.139423
56 0.555288 0.897837 0.0769231 0.117788
56 0.608173 0.501803 0.129808 0.114183
56 0.585938 0.989784 0.046875 0.0180288
56 0.652644 0.875601 0.0697115 0.102163
56 0.679087 0.345553 0.117788 0.128606
56 0.672476 0.964543 0.046875 0.0396635
56 0.737981 0.478966 0.120192 0.145433
56 0.736779 0.852764 0.0552885 0.0709135
56 0.788462 0.359375 0.110577 0.122596
56 0.805889 0.63762 0.126202 0.15024
56 0.824519 0.732572 0.0625 0.0420673
56 0.864183 0.473558 0.112981 0.129808
56 0.881611 0.347957 0.0997596 0.114183
56 0.865385 0.825721 0.0576923 0.0841346
56 0.928486 0.611178 0.140625 0.15024
56 0.883413 0.708534 0.0408654 0.0516827
56 0.902644 0.944111 0.0360577 0.0901442
56 0.949519 0.458534 0.100962 0.114183
56 0.935096 0.79988 0.0625 0.0661058
56 0.942308 0.708534 0.0432692 0.0372596
56 0.975361 0.923077 0.046875 0.0817308
