18 0.695913 0.584736 0.132212 0.13101
18 0.331731 0.667067 0.129808 0.165865
18 0.33113 0.442308 0.0853365 0.125
18 0.434495 0.500601 0.0853365 0.13101
18 0.474159 0.710938 0.15024 0.171875
18 0.489784 0.38762 0.123798 0.140625
18 0.554087 0.547476 0.103365 0.128606
18 0.603966 0.405649 0.111779 0.109375
18 0.638221 0.752404 0.151442 0.201923
18 0.737981 0.444111 0.129808 0.123798
18 0.695913 0.584736 0.132212 0.13101
18 0.331731 0.667067 0.129808 0.165865
18 0.33113 0.442308 0.0853365 0.125
18 0.434495 0.500601 0.0853365 0.13101
18 0.474159 0.710938 0.15024 0.171875
18 0.489784 0.38762 0.123798 0.140625
18 0.554087 0.547476 0.103365 0.128606
18 0.603966 0.405649 0.111779 0.109375
18 0.638221 0.752404 0.151442 0.201923
18 0.737981 0.444111 0.129808 0.123798
18 0.695913 0.584736 0.132212 0.13101
18 0.331731 0.667067 0.129808 0.165865
18 0.33113 0.442308 0.0853365 0.125
18 0.434495 0.500601 0.0853365 0.13101
18 0.474159 0.710938 0.15024 0.171875
18 0.489784 0.38762 0.123798 0.140625
18 0.554087 0.547476 0.103365 0.128606
18 0.603966 0.405649 0.111779 0.109375
18 0.638221 0.752404 0.151442 0.201923
18 0.737981 0.444111 0.129808 0.123798
