44 0.622596 0.269832 0.0865385 0.159856
44 0.0504808 0.494591 0.0288462 0.0564904
44 0.0901442 0.463942 0.0456731 0.0625
44 0.131611 0.460337 0.0324519 0.0552885
44 0.138822 0.395433 0.0372596 0.0552885
44 0.160457 0.440505 0.0276442 0.0588942
44 0.341947 0.445312 0.0252404 0.0444712
44 0.365986 0.429688 0.0300481 0.0516827
44 0.373197 0.46274 0.0300481 0.0456731
44 0.47476 0.400841 0.03125 0.0516827
44 0.492188 0.816707 0.0228365 0.0324519
44 0.496995 0.365986 0.0324519 0.0540865
44 0.506611 0.405649 0.0276442 0.0420673
44 0.509014 0.805889 0.0228365 0.0348558
44 0.606971 0.147236 0.0889423 0.135817
44 0.647837 0.521034 0.0408654 0.0757212
44 0.682091 0.213341 0.0853365 0.123798
44 0.730769 0.566707 0.0384615 0.0709135
