25 0.0889423 0.835337 0.177885 0.300481
25 0.125601 0.616587 0.19351 0.262019
25 0.158654 0.403245 0.182692 0.229567
25 0.194111 0.23738 0.167067 0.191106
25 0.202524 0.0985577 0.140625 0.153846
25 0.283654 0.851562 0.182692 0.289663
25 0.303486 0.582933 0.159856 0.233173
25 0.326322 0.394832 0.16226 0.21274
25 0.350962 0.094351 0.149038 0.15024
25 0.350962 0.228966 0.139423 0.19351
25 0.484375 0.848558 0.242788 0.25
25 0.475962 0.588341 0.182692 0.239183
25 0.504808 0.390024 0.168269 0.21274
25 0.498798 0.0883413 0.141827 0.16226
25 0.506611 0.236178 0.152644 0.145433
25 0.635817 0.0991587 0.137019 0.159856
25 0.657452 0.231971 0.170673 0.189904
25 0.665865 0.590144 0.182692 0.252404
25 0.670673 0.388822 0.173077 0.215144
25 0.702524 0.844952 0.203125 0.247596
25 0.800481 0.240986 0.163462 0.21274
25 0.790865 0.0913462 0.129808 0.153846
25 0.823918 0.420673 0.195913 0.264423
25 0.855168 0.621394 0.195913 0.252404
25 0.899639 0.846755 0.19351 0.304087
25 0.0889423 0.835337 0.177885 0.300481
25 0.125601 0.616587 0.19351 0.262019
25 0.158654 0.403245 0.182692 0.229567
25 0.194111 0.23738 0.167067 0.191106
25 0.202524 0.0985577 0.140625 0.153846
25 0.283654 0.851562 0.182692 0.289663
25 0.303486 0.582933 0.159856 0.233173
25 0.326322 0.394832 0.16226 0.21274
25 0.350962 0.094351 0.149038 0.15024
25 0.350962 0.228966 0.139423 0.19351
25 0.484375 0.848558 0.242788 0.25
25 0.475962 0.588341 0.182692 0.239183
25 0.504808 0.390024 0.168269 0.21274
25 0.498798 0.0883413 0.141827 0.16226
25 0.506611 0.236178 0.152644 0.145433
25 0.635817 0.0991587 0.137019 0.159856
25 0.657452 0.231971 0.170673 0.189904
25 0.665865 0.590144 0.182692 0.252404
25 0.670673 0.388822 0.173077 0.215144
25 0.702524 0.844952 0.203125 0.247596
25 0.800481 0.240986 0.163462 0.21274
25 0.790865 0.0913462 0.129808 0.153846
25 0.823918 0.420673 0.195913 0.264423
25 0.855168 0.621394 0.195913 0.252404
25 0.899639 0.846755 0.19351 0.304087
