26 0.41226 0.421875 0.108173 0.0552885
26 0.0120192 0.409255 0.0240385 0.0396635
26 0.100361 0.535457 0.0901442 0.0564904
26 0.209736 0.622596 0.0637019 0.0480769
26 0.209135 0.430889 0.0432692 0.0300481
26 0.322716 0.308894 0.0540865 0.03125
26 0.426683 0.33774 0.0456731 0.0408654
26 0.510817 0.481971 0.0841346 0.0360577
26 0.527043 0.622596 0.0973558 0.0576923
26 0.513822 0.343149 0.0516827 0.0612981
26 0.542668 0.813101 0.0997596 0.0540865
26 0.588942 0.275841 0.0528846 0.0324519
26 0.654447 0.464543 0.0588942 0.0348558
26 0.744591 0.298077 0.0564904 0.0288462
26 0.735577 0.396034 0.0192308 0.0420673
26 0.782452 0.425481 0.0408654 0.0288462
26 0.911058 0.329928 0.0528846 0.0300481
