14 0.66226 0.658654 0.0745192 0.134615
14 0.277644 0.638221 0.0697115 0.108173
14 0.358173 0.221755 0.0769231 0.126202
14 0.357572 0.60637 0.0757212 0.111779
14 0.372596 0.524038 0.0721154 0.0913462
14 0.418269 0.201322 0.0769231 0.11899
14 0.428486 0.646034 0.0733173 0.11899
14 0.444111 0.230769 0.0757212 0.134615
14 0.441707 0.506611 0.0709135 0.0661058
14 0.45012 0.547476 0.0733173 0.0805288
14 0.498798 0.210337 0.0793269 0.132212
14 0.510216 0.625601 0.078125 0.135817
14 0.527043 0.26863 0.0829327 0.147837
14 0.522837 0.516827 0.0600962 0.0961538
14 0.549279 0.578125 0.0649038 0.112981
14 0.558894 0.228365 0.0745192 0.134615
14 0.600361 0.572716 0.0516827 0.0877404
14 0.625 0.626803 0.0528846 0.104567
