18 0.0685096 0.399038 0.137019 0.163462
18 0.0691106 0.142428 0.138221 0.116587
18 0.078125 0.799279 0.15625 0.185096
18 0.210938 0.573918 0.138221 0.143029
18 0.278245 0.113582 0.128606 0.116587
18 0.328125 0.853966 0.170673 0.174279
18 0.382812 0.397236 0.140625 0.15024
18 0.455529 0.1875 0.0793269 0.125
18 0.484375 0.713942 0.03125 0.100962
18 0.615986 0.798678 0.241587 0.227163
18 0.558894 0.211538 0.0985577 0.0865385
18 0.594952 0.331731 0.0985577 0.100962
18 0.596755 0.0769231 0.0973558 0.0913462
18 0.625601 0.524639 0.126202 0.0540865
18 0.670673 0.594351 0.182692 0.140625
18 0.664062 0.152644 0.111779 0.0985577
18 0.690505 0.397236 0.102163 0.121394
18 0.718149 0.0348558 0.0901442 0.0697115
18 0.792067 0.530048 0.132212 0.0600962
18 0.779447 0.123197 0.102163 0.0829327
18 0.870793 0.807692 0.25601 0.25
18 0.808293 0.397236 0.116587 0.116587
18 0.837139 0.28726 0.111779 0.09375
18 0.902043 0.632812 0.19351 0.140625
18 0.862981 0.0288462 0.0913462 0.0576923
18 0.891226 0.173077 0.0949519 0.0961538
18 0.927885 0.334736 0.105769 0.106971
18 0.942308 0.551683 0.115385 0.0985577
18 0.0685096 0.399038 0.137019 0.163462
18 0.0691106 0.142428 0.138221 0.116587
18 0.078125 0.799279 0.15625 0.185096
18 0.210938 0.573918 0.138221 0.143029
18 0.278245 0.113582 0.128606 0.116587
18 0.328125 0.853966 0.170673 0.174279
18 0.382812 0.397236 0.140625 0.15024
18 0.455529 0.1875 0.0793269 0.125
18 0.484375 0.713942 0.03125 0.100962
18 0.615986 0.798678 0.241587 0.227163
18 0.558894 0.211538 0.0985577 0.0865385
18 0.594952 0.331731 0.0985577 0.100962
18 0.596755 0.0769231 0.0973558 0.0913462
18 0.625601 0.524639 0.126202 0.0540865
18 0.670673 0.594351 0.182692 0.140625
18 0.664062 0.152644 0.111779 0.0985577
18 0.690505 0.397236 0.102163 0.121394
18 0.718149 0.0348558 0.0901442 0.0697115
18 0.792067 0.530048 0.132212 0.0600962
18 0.779447 0.123197 0.102163 0.0829327
18 0.870793 0.807692 0.25601 0.25
18 0.808293 0.397236 0.116587 0.116587
18 0.837139 0.28726 0.111779 0.09375
18 0.902043 0.632812 0.19351 0.140625
18 0.862981 0.0288462 0.0913462 0.0576923
18 0.891226 0.173077 0.0949519 0.0961538
18 0.927885 0.334736 0.105769 0.106971
18 0.942308 0.551683 0.115385 0.0985577
18 0.0685096 0.399038 0.137019 0.163462
18 0.0691106 0.142428 0.138221 0.116587
18 0.078125 0.799279 0.15625 0.185096
18 0.210938 0.573918 0.138221 0.143029
18 0.278245 0.113582 0.128606 0.116587
18 0.328125 0.853966 0.170673 0.174279
18 0.382812 0.397236 0.140625 0.15024
18 0.455529 0.1875 0.0793269 0.125
18 0.484375 0.713942 0.03125 0.100962
18 0.615986 0.798678 0.241587 0.227163
18 0.558894 0.211538 0.0985577 0.0865385
18 0.594952 0.331731 0.0985577 0.100962
18 0.596755 0.0769231 0.0973558 0.0913462
18 0.625601 0.524639 0.126202 0.0540865
18 0.670673 0.594351 0.182692 0.140625
18 0.664062 0.152644 0.111779 0.0985577
18 0.690505 0.397236 0.102163 0.121394
18 0.718149 0.0348558 0.0901442 0.0697115
18 0.792067 0.530048 0.132212 0.0600962
18 0.779447 0.123197 0.102163 0.0829327
18 0.870793 0.807692 0.25601 0.25
18 0.808293 0.397236 0.116587 0.116587
18 0.837139 0.28726 0.111779 0.09375
18 0.902043 0.632812 0.19351 0.140625
18 0.862981 0.0288462 0.0913462 0.0576923
18 0.891226 0.173077 0.0949519 0.0961538
18 0.927885 0.334736 0.105769 0.106971
18 0.942308 0.551683 0.115385 0.0985577
