24 0.0372596 0.672476 0.0745192 0.219952
24 0.0600962 0.286058 0.120192 0.230769
24 0.123798 0.621995 0.185096 0.373798
24 0.13101 0.283654 0.108173 0.225962
24 0.216947 0.713341 0.135817 0.248798
24 0.230168 0.277644 0.143029 0.247596
24 0.327524 0.718149 0.159856 0.330529
24 0.315505 0.353365 0.0973558 0.139423
24 0.43149 0.279447 0.127404 0.294471
24 0.467548 0.754808 0.146635 0.302885
24 0.533053 0.321514 0.123798 0.229567
24 0.645433 0.316707 0.127404 0.272837
24 0.780048 0.753606 0.170673 0.492788
24 0.787861 0.307091 0.16226 0.301683
24 0.932091 0.33774 0.133413 0.252404
24 0.939303 0.796875 0.11899 0.40625
