20 0.260817 0.186298 0.09375 0.0697115
20 0.26863 0.146034 0.104567 0.0901442
20 0.335938 0.124399 0.0564904 0.157452
20 0.338341 0.191707 0.046875 0.16226
20 0.380409 0.199519 0.0396635 0.139423
20 0.380409 0.0745192 0.0252404 0.110577
20 0.400841 0.115385 0.0228365 0.0721154
20 0.40625 0.200721 0.0288462 0.117788
20 0.439904 0.195913 0.0865385 0.127404
20 0.42488 0.125601 0.0180288 0.0396635
20 0.470553 0.215745 0.0997596 0.104567
20 0.459736 0.104567 0.0300481 0.0697115
20 0.494591 0.138822 0.0372596 0.0805288
