26 0.103365 0.798077 0.0721154 0.105769
26 0.144832 0.287861 0.0829327 0.138221
26 0.143029 0.711538 0.0697115 0.105769
26 0.196514 0.51262 0.0709135 0.121394
26 0.213341 0.695312 0.0757212 0.111779
26 0.219351 0.137019 0.0829327 0.129808
26 0.232572 0.59976 0.0709135 0.0889423
26 0.25601 0.335337 0.0697115 0.117788
26 0.274038 0.465144 0.0913462 0.132212
26 0.308894 0.57512 0.0745192 0.106971
26 0.380409 0.68149 0.0733173 0.132212
26 0.504207 0.133413 0.0420673 0.0600962
26 0.633413 0.078726 0.0889423 0.123798
26 0.659856 0.53726 0.0793269 0.122596
26 0.677284 0.314303 0.0901442 0.11899
26 0.709135 0.478365 0.0576923 0.0769231
26 0.774639 0.0811298 0.0733173 0.0949519
26 0.811899 0.552284 0.0853365 0.109375
26 0.868389 0.362981 0.0492788 0.0961538
26 0.923678 0.590144 0.078125 0.127404
26 0.925481 0.734375 0.0769231 0.117788
26 0.979567 0.600962 0.0408654 0.125
26 0.981971 0.139423 0.0360577 0.100962
26 0.984976 0.908053 0.0276442 0.109375
