56 0.722957 0.364784 0.133413 0.157452
56 0.164663 0.389423 0.0745192 0.177885
56 0.213942 0.448317 0.0673077 0.189904
56 0.270433 0.536058 0.0841346 0.211538
56 0.348558 0.64363 0.0865385 0.234375
56 0.424279 0.349159 0.112981 0.164663
56 0.484976 0.415865 0.11899 0.153846
56 0.514423 0.230769 0.110577 0.100962
56 0.567308 0.486779 0.129808 0.15625
56 0.608774 0.298077 0.111779 0.129808
56 0.641226 0.140024 0.0612981 0.121394
56 0.710337 0.183894 0.0649038 0.117788
56 0.771034 0.100361 0.046875 0.109375
56 0.777043 0.219952 0.0588942 0.122596
56 0.834135 0.135817 0.0576923 0.132212
56 0.867788 0.266827 0.0961538 0.144231
56 0.893029 0.156851 0.0408654 0.121394
56 0.948317 0.0456731 0.0649038 0.0913462
56 0.953726 0.182091 0.0709135 0.143029
