32 0.576923 0.594351 0.173077 0.179087
32 0.0871394 0.977163 0.0588942 0.0456731
32 0.120793 0.924279 0.0588942 0.0600962
32 0.161058 0.976562 0.0528846 0.0444712
32 0.178486 0.720553 0.0685096 0.0709135
32 0.21274 0.657452 0.0745192 0.0697115
32 0.201322 0.783654 0.046875 0.0528846
32 0.248798 0.792668 0.0552885 0.0661058
32 0.265024 0.561899 0.0588942 0.0661058
32 0.279447 0.738582 0.0877404 0.102163
32 0.286659 0.641827 0.0637019 0.0913462
32 0.307692 0.58113 0.0336538 0.0516827
32 0.451322 0.701923 0.16226 0.211538
32 0.591947 0.8125 0.126202 0.269231
32 0.59976 0.436298 0.103365 0.108173
32 0.684495 0.492788 0.128606 0.192308
32 0.76262 0.855769 0.174279 0.168269
