31 0.0222356 0.137019 0.0396635 0.0240385
31 0.0558894 0.482572 0.0637019 0.0324519
31 0.0667067 0.457332 0.0805288 0.0444712
31 0.120793 0.24399 0.0540865 0.03125
31 0.11899 0.16226 0.0456731 0.0216346
31 0.121995 0.146034 0.046875 0.0276442
31 0.134014 0.229567 0.046875 0.0264423
31 0.135817 0.333534 0.0408654 0.0372596
31 0.145433 0.352764 0.0456731 0.0324519
31 0.172476 0.313101 0.046875 0.0396635
31 0.179087 0.21875 0.0360577 0.0192308
31 0.197716 0.416466 0.0588942 0.0348558
31 0.245192 0.492188 0.0721154 0.0420673
31 0.233774 0.399639 0.0444712 0.0396635
31 0.254808 0.522236 0.0769231 0.0685096
31 0.253005 0.412861 0.0540865 0.0420673
31 0.253005 0.161058 0.0444712 0.0288462
31 0.263221 0.17488 0.0456731 0.0372596
31 0.304087 0.268029 0.0456731 0.0360577
31 0.320312 0.292668 0.0444712 0.0276442
31 0.339543 0.276442 0.0637019 0.0288462
31 0.354567 0.165865 0.0456731 0.0192308
31 0.369591 0.371995 0.0757212 0.0372596
31 0.359375 0.188702 0.0504808 0.03125
31 0.376202 0.426082 0.0649038 0.0444712
31 0.38762 0.500601 0.0637019 0.0540865
31 0.385817 0.153846 0.0504808 0.0192308
31 0.40024 0.534856 0.0697115 0.0649038
31 0.430288 0.484375 0.0625 0.0504808
31 0.481971 0.201322 0.0600962 0.0276442
31 0.483774 0.218149 0.0588942 0.0228365
31 0.536058 0.320312 0.0721154 0.0348558
31 0.54387 0.297476 0.0588942 0.0228365
31 0.579327 0.608774 0.0865385 0.0492788
31 0.575721 0.573317 0.0649038 0.0408654
31 0.571514 0.179087 0.0372596 0.03125
31 0.588942 0.427284 0.0528846 0.0420673
31 0.584736 0.295072 0.0396635 0.0228365
31 0.599159 0.162861 0.0348558 0.0324519
31 0.612981 0.450721 0.0625 0.0456731
31 0.622596 0.404447 0.0576923 0.0492788
31 0.626202 0.173077 0.0408654 0.0288462
31 0.642428 0.222957 0.0540865 0.0276442
31 0.657452 0.241587 0.0649038 0.0408654
31 0.709135 0.534255 0.0721154 0.0492788
31 0.709736 0.141226 0.0637019 0.0324519
31 0.733173 0.51262 0.0625 0.0444712
31 0.734976 0.172476 0.046875 0.0324519
31 0.762019 0.344351 0.0769231 0.0492788
31 0.759014 0.222957 0.0420673 0.0276442
31 0.780048 0.531851 0.0649038 0.0540865
31 0.774038 0.246394 0.0528846 0.03125
31 0.797476 0.349159 0.0757212 0.0492788
31 0.788462 0.213341 0.0528846 0.0324519
31 0.798077 0.379207 0.0576923 0.0276442
31 0.814303 0.632212 0.0853365 0.0528846
31 0.841346 0.671274 0.0913462 0.078125
31 0.890024 0.476562 0.078125 0.0444712
31 0.905048 0.173077 0.0408654 0.0288462
31 0.923678 0.264423 0.0637019 0.0288462
31 0.933293 0.287861 0.0685096 0.0324519
31 0.926082 0.160457 0.0492788 0.0276442
31 0.926082 0.188702 0.0444712 0.0216346
31 0.933894 0.546274 0.0600962 0.0733173
31 0.977163 0.639423 0.0456731 0.0528846
31 0.989784 0.69351 0.0180288 0.0600962
31 0.995192 0.619591 0.00961538 0.0420673
