19 0.0420673 0.522837 0.0841346 0.141827
19 0.0739183 0.712139 0.0997596 0.155048
19 0.129808 0.182692 0.120192 0.149038
19 0.158654 0.490385 0.0865385 0.120192
19 0.207332 0.666466 0.0973558 0.164663
19 0.26262 0.466346 0.0925481 0.110577
19 0.331731 0.632812 0.105769 0.145433
19 0.413462 0.139423 0.182692 0.129808
19 0.370192 0.436899 0.0817308 0.104567
19 0.442308 0.59976 0.139423 0.141827
19 0.442909 0.411659 0.106971 0.111779
19 0.496394 0.777043 0.189904 0.217548
19 0.527644 0.382212 0.108173 0.0865385
19 0.538462 0.546274 0.115385 0.116587
19 0.60637 0.363582 0.106971 0.0829327
19 0.633413 0.109375 0.146635 0.108173
19 0.635817 0.706731 0.117788 0.134615
19 0.638221 0.529447 0.117788 0.111779
19 0.672476 0.344952 0.11899 0.0889423
19 0.652043 0.808293 0.0733173 0.0733173
19 0.72476 0.488582 0.122596 0.116587
19 0.709736 0.777043 0.0685096 0.0685096
19 0.783053 0.651442 0.0949519 0.0721154
19 0.813101 0.0913462 0.126202 0.0721154
