32 0.00721154 0.709135 0.0144231 0.0192308
32 0.0354567 0.768029 0.0709135 0.0985577
32 0.0396635 0.664663 0.0793269 0.132212
32 0.0570913 0.819111 0.0757212 0.0324519
32 0.388221 0.459135 0.733173 0.225962
32 0.435697 0.752404 0.679087 0.259615
32 0.771034 0.461538 0.0132212 0.0432692
32 0.790264 0.463341 0.0276442 0.0420673
32 0.796274 0.544471 0.0204327 0.03125
32 0.807091 0.451322 0.0228365 0.0228365
32 0.811298 0.581731 0.0216346 0.0480769
32 0.817308 0.533654 0.0240385 0.0528846
32 0.832332 0.455529 0.0204327 0.0408654
32 0.90625 0.733173 0.139423 0.1875
