44 0.665264 0.870192 0.114183 0.0625
44 0.0384615 0.262019 0.0769231 0.0432692
44 0.0799279 0.545673 0.0877404 0.0625
44 0.115986 0.591947 0.0829327 0.0588942
44 0.123798 0.134615 0.0456731 0.0625
44 0.143029 0.319111 0.0841346 0.0516827
44 0.16226 0.639423 0.0841346 0.0576923
44 0.180889 0.469351 0.111779 0.0588942
44 0.196514 0.27524 0.0901442 0.0600962
44 0.213341 0.394832 0.0949519 0.0733173
44 0.210938 0.688702 0.0901442 0.0552885
44 0.266226 0.439904 0.0901442 0.0625
44 0.28125 0.785457 0.100962 0.0324519
44 0.373798 0.933293 0.108173 0.0685096
44 0.397236 0.703726 0.102163 0.0612981
44 0.436899 0.909255 0.0949519 0.0444712
44 0.458534 0.757212 0.0949519 0.0576923
44 0.49399 0.0264423 0.0889423 0.0528846
44 0.585337 0.0216346 0.0985577 0.0432692
44 0.664663 0.698918 0.09375 0.0516827
44 0.838942 0.589543 0.0625 0.0492788
