62 0.429688 0.888822 0.147837 0.16226
62 0.0108173 0.0336538 0.0216346 0.0673077
62 0.0264423 0.22476 0.0528846 0.0985577
62 0.163462 0.801683 0.326923 0.396635
62 0.061899 0.435697 0.104567 0.111779
62 0.0480769 0.101562 0.0721154 0.0877404
62 0.0612981 0.0216346 0.0504808 0.0432692
62 0.0949519 0.213341 0.0793269 0.0949519
62 0.107572 0.373798 0.104567 0.103365
62 0.138221 0.236779 0.0600962 0.0649038
62 0.332332 0.403846 0.352163 0.389423
62 0.289062 0.0841346 0.260817 0.158654
62 0.199519 0.25 0.0673077 0.0769231
62 0.386418 0.75601 0.123798 0.189904
62 0.376202 0.673678 0.0985577 0.102163
62 0.576923 0.167668 0.365385 0.335337
62 0.552885 0.849159 0.105769 0.159856
62 0.549279 0.480769 0.0889423 0.149038
62 0.604567 0.741587 0.132212 0.165865
62 0.604567 0.642428 0.0889423 0.121394
62 0.637019 0.596755 0.100962 0.111779
62 0.805889 0.415264 0.385817 0.465144
62 0.68149 0.975962 0.117788 0.0480769
62 0.846154 0.710337 0.302885 0.362981
62 0.796875 0.936298 0.146635 0.127404
62 0.800481 0.0510817 0.0673077 0.0444712
62 0.796875 0.0853365 0.0552885 0.0552885
62 0.811298 0.198918 0.0697115 0.0997596
62 0.865385 0.0679087 0.0625 0.0637019
62 0.897236 0.046274 0.0348558 0.0396635
62 0.963341 0.143029 0.0709135 0.0793269
62 0.982572 0.444111 0.0324519 0.0997596
62 0.990385 0.28125 0.0192308 0.0913462
