71 0.126803 0.197115 0.239183 0.394231
71 0.0853365 0.684495 0.151442 0.570913
71 0.21875 0.707933 0.149038 0.550481
71 0.341346 0.701322 0.139423 0.570913
71 0.453726 0.724159 0.109375 0.530048
71 0.525841 0.278846 0.16226 0.442308
71 0.574519 0.722957 0.125 0.522837
71 0.659856 0.261418 0.180288 0.465144
71 0.695312 0.730168 0.13101 0.513221
71 0.794471 0.286659 0.189904 0.534856
71 0.786058 0.733774 0.134615 0.515625
71 0.906851 0.73137 0.135817 0.530048
71 0.920673 0.283654 0.158654 0.543269
