31 0.0817308 0.278846 0.163462 0.403846
31 0.105769 0.240986 0.211538 0.457933
31 0.108774 0.761418 0.217548 0.47476
31 0.110577 0.711538 0.221154 0.399038
31 0.167067 0.465144 0.170673 0.348558
31 0.191106 0.111178 0.175481 0.222356
31 0.285457 0.866587 0.30649 0.266827
31 0.283654 0.84976 0.298077 0.295673
31 0.344351 0.153846 0.40024 0.307692
31 0.420072 0.503606 0.436298 0.560096
31 0.378606 0.152644 0.329327 0.305288
31 0.58774 0.921875 0.305288 0.15625
31 0.545072 0.927885 0.219952 0.144231
31 0.673077 0.748197 0.413462 0.501202
31 0.672476 0.746995 0.407452 0.503606
31 0.68149 0.112981 0.362981 0.225962
31 0.689303 0.114784 0.335337 0.229567
31 0.695913 0.394832 0.295673 0.385817
31 0.739784 0.399038 0.36899 0.370192
31 0.884615 0.430288 0.225962 0.322115
31 0.909856 0.969952 0.175481 0.0552885
31 0.909255 0.972356 0.174279 0.0552885
31 0.914663 0.769231 0.170673 0.423077
31 0.915264 0.778245 0.167067 0.441106
31 0.916466 0.152644 0.164663 0.290865
31 0.917067 0.164663 0.161058 0.310096
31 0.923077 0.428486 0.149038 0.289663
