20 0.344351 0.808894 0.116587 0.0985577
20 0.378005 0.83774 0.102163 0.0697115
20 0.498798 0.629808 0.233173 0.302885
20 0.518029 0.807091 0.257212 0.378606
20 0.58774 0.888221 0.329327 0.223558
20 0.649038 0.668269 0.423077 0.413462
20 0.522837 0.923678 0.0456731 0.15024
20 0.576923 0.811298 0.120192 0.09375
20 0.758413 0.591346 0.483173 0.264423
20 0.718149 0.504207 0.325721 0.128606
20 0.739183 0.665264 0.223558 0.133413
20 0.764423 0.426683 0.149038 0.137019
20 0.800481 0.844952 0.182692 0.310096
20 0.789663 0.463341 0.141827 0.104567
20 0.826322 0.542668 0.186298 0.143029
20 0.886418 0.742188 0.18149 0.104567
