32 0.0198317 0.0757212 0.0396635 0.151442
32 0.189303 0.632812 0.18149 0.313702
32 0.280048 0.372596 0.199519 0.259615
32 0.43149 0.0480769 0.112981 0.0961538
32 0.471755 0.276442 0.179087 0.302885
32 0.595553 0.280649 0.133413 0.316106
32 0.635817 0.0606971 0.175481 0.121394
32 0.683293 0.397236 0.155048 0.284856
32 0.733173 0.98137 0.125 0.0348558
32 0.772837 0.623798 0.199519 0.228365
32 0.753606 0.801683 0.117788 0.146635
32 0.778245 0.271635 0.133413 0.163462
32 0.88101 0.194111 0.137019 0.22476
32 0.906851 0.407452 0.183894 0.266827
32 0.935697 0.591947 0.126202 0.289663
