26 0.0516827 0.52524 0.103365 0.324519
26 0.0913462 0.228966 0.182692 0.366587
26 0.102163 0.811298 0.204327 0.28125
26 0.179688 0.539663 0.22476 0.334135
26 0.290865 0.783654 0.235577 0.302885
26 0.286659 0.233774 0.217548 0.33774
26 0.416466 0.503606 0.222356 0.338942
26 0.521034 0.219952 0.268029 0.310096
26 0.504207 0.795673 0.22476 0.3125
26 0.634014 0.494591 0.258413 0.373798
26 0.75 0.762019 0.25 0.331731
26 0.772236 0.182091 0.231971 0.263221
26 0.885817 0.415264 0.228365 0.364183
26 0.894231 0.912861 0.177885 0.0612981
26 0.933894 0.736779 0.132212 0.348558
26 0.945312 0.157452 0.106971 0.194712
