56 0.240385 0.684495 0.173077 0.378606
56 0.242788 0.489784 0.177885 0.248798
56 0.280649 0.315505 0.157452 0.280048
56 0.302284 0.23137 0.138221 0.15024
56 0.441106 0.280048 0.151442 0.242788
56 0.464543 0.652644 0.179087 0.319712
56 0.465745 0.452524 0.157452 0.270433
56 0.477163 0.213341 0.137019 0.147837
56 0.611178 0.209736 0.102163 0.155048
56 0.670673 0.679688 0.192308 0.344952
56 0.652043 0.30649 0.135817 0.266827
56 0.691707 0.483173 0.186298 0.264423
56 0.977163 0.198317 0.0456731 0.175481
