25 0.763822 0.607572 0.215144 0.268029
25 0.524639 0.276442 0.135817 0.158654
25 0.597957 0.498197 0.210337 0.260817
25 0.685697 0.38101 0.188702 0.180288
25 0.774639 0.256611 0.15024 0.176683
25 0.885216 0.382212 0.198317 0.158654
25 0.895433 0.53125 0.204327 0.264423
25 0.763822 0.607572 0.215144 0.268029
25 0.524639 0.276442 0.135817 0.158654
25 0.597957 0.498197 0.210337 0.260817
25 0.685697 0.38101 0.188702 0.180288
25 0.774639 0.256611 0.15024 0.176683
25 0.885216 0.382212 0.198317 0.158654
25 0.895433 0.53125 0.204327 0.264423
