56 0.166466 0.862981 0.174279 0.25
56 0.0204327 0.867788 0.0408654 0.211538
56 0.0564904 0.534856 0.112981 0.300481
56 0.0721154 0.290865 0.144231 0.245192
56 0.104567 0.103966 0.137019 0.198317
56 0.207933 0.575721 0.165865 0.290865
56 0.238582 0.320913 0.15024 0.242788
56 0.259615 0.105168 0.139423 0.205529
56 0.389423 0.874399 0.192308 0.248798
56 0.402644 0.603966 0.161058 0.25601
56 0.413462 0.324519 0.144231 0.254808
56 0.422476 0.114183 0.133413 0.213942
56 0.578726 0.334736 0.147837 0.227163
56 0.574519 0.129207 0.134615 0.215144
56 0.59976 0.875601 0.180288 0.246394
56 0.592548 0.590144 0.15625 0.276442
56 0.725962 0.125 0.134615 0.230769
56 0.747596 0.344952 0.149038 0.247596
56 0.783654 0.58774 0.177885 0.286058
56 0.816106 0.880409 0.189904 0.236779
56 0.873798 0.122596 0.137019 0.201923
56 0.909856 0.329327 0.146635 0.259615
56 0.939904 0.594351 0.120192 0.265625
56 0.966947 0.877404 0.0637019 0.230769
