77 0.0276442 0.75601 0.0552885 0.487981
77 0.124399 0.734976 0.147837 0.527644
77 0.176082 0.758413 0.0540865 0.483173
77 0.291466 0.757212 0.15024 0.480769
77 0.421875 0.774639 0.09375 0.448317
77 0.48137 0.760216 0.145433 0.477163
77 0.58774 0.771635 0.0745192 0.456731
77 0.642428 0.765625 0.145433 0.46875
77 0.733774 0.771635 0.0829327 0.456731
77 0.816707 0.778846 0.16226 0.442308
77 0.798678 0.639423 0.0733173 0.192308
77 0.870192 0.643029 0.0625 0.204327
77 0.932692 0.778846 0.120192 0.442308
77 0.920673 0.554087 0.0384615 0.03125
