62 0.00961538 0.414663 0.0192308 0.0360577
62 0.0420673 0.435096 0.0552885 0.0576923
62 0.239784 0.571514 0.397837 0.594952
62 0.430889 0.43149 0.0348558 0.03125
62 0.485577 0.425481 0.0336538 0.0336538
62 0.53125 0.427885 0.0288462 0.0240385
62 0.55649 0.425481 0.0168269 0.0288462
62 0.571514 0.435096 0.0132212 0.0240385
62 0.638221 0.439904 0.0408654 0.0288462
62 0.660457 0.433894 0.0180288 0.0168269
62 0.686298 0.430288 0.0168269 0.0288462
62 0.734976 0.429087 0.0324519 0.0408654
62 0.767428 0.48137 0.0829327 0.0685096
62 0.815505 0.448918 0.0300481 0.0276442
62 0.828125 0.476562 0.0264423 0.0348558
62 0.855168 0.440505 0.0180288 0.0252404
62 0.90625 0.441106 0.0673077 0.0504808
62 0.980769 0.453726 0.0336538 0.0516827
