67 0.498798 0.501202 0.997596 0.992788
67 0.125601 0.716947 0.169471 0.289663
67 0.270433 0.838942 0.108173 0.264423
67 0.352163 0.704928 0.233173 0.438702
67 0.371995 0.905649 0.0949519 0.186298
67 0.441707 0.894832 0.0997596 0.207933
67 0.480769 0.903846 0.0480769 0.192308
67 0.531851 0.876202 0.0733173 0.247596
67 0.58774 0.871995 0.0841346 0.253606
67 0.678486 0.434495 0.207933 0.24399
67 0.628005 0.846154 0.0637019 0.235577
67 0.671875 0.784856 0.0889423 0.425481
67 0.721755 0.855168 0.0637019 0.28726
67 0.721755 0.864183 0.0588942 0.271635
67 0.764423 0.827524 0.0961538 0.342548
67 0.817308 0.782452 0.153846 0.425481
67 0.878005 0.783654 0.0829327 0.423077
67 0.938101 0.795673 0.121394 0.346154
67 0.966947 0.706731 0.0637019 0.25
