53 0.253005 0.571514 0.145433 0.0997596
53 0.457332 0.578726 0.236779 0.176683
53 0.466947 0.195913 0.0877404 0.0697115
53 0.477163 0.26863 0.0793269 0.0949519
53 0.558894 0.439904 0.180288 0.158654
53 0.5 0.174279 0.0432692 0.0793269
53 0.523438 0.27524 0.0661058 0.0889423
53 0.572716 0.153846 0.111779 0.100962
53 0.646034 0.629207 0.22476 0.157452
53 0.689904 0.878005 0.177885 0.15024
53 0.640625 0.302885 0.0745192 0.100962
53 0.698317 0.203726 0.127404 0.0612981
53 0.710938 0.265024 0.143029 0.102163
