26 0.880409 0.703726 0.111779 0.133413
26 0.0877404 0.855769 0.117788 0.115385
26 0.120793 0.795673 0.0829327 0.0865385
26 0.184495 0.873798 0.0949519 0.137019
26 0.269231 0.853966 0.0817308 0.135817
26 0.353966 0.907452 0.116587 0.112981
26 0.346154 0.802284 0.0769231 0.0709135
26 0.444111 0.823317 0.0901442 0.108173
26 0.46274 0.730168 0.0841346 0.123798
26 0.527043 0.835337 0.078125 0.108173
26 0.551082 0.725361 0.0925481 0.133413
26 0.60637 0.820913 0.0733173 0.117788
26 0.754808 0.695312 0.115385 0.13101
26 0.811899 0.620793 0.0612981 0.0877404
26 0.850361 0.630409 0.0853365 0.0925481
26 0.954928 0.69351 0.0877404 0.161058
