31 0.1875 0.576923 0.0961538 0.129808
31 0.129808 0.51863 0.0961538 0.176683
31 0.141827 0.410457 0.115385 0.0997596
31 0.134014 0.673077 0.0949519 0.139423
31 0.190505 0.724159 0.0829327 0.102163
31 0.215745 0.515625 0.0757212 0.0841346
31 0.243389 0.317308 0.0973558 0.125
31 0.257212 0.802284 0.110577 0.109375
31 0.25 0.698317 0.0769231 0.122596
31 0.283053 0.44351 0.0901442 0.0745192
31 0.289062 0.651442 0.0877404 0.115385
31 0.307692 0.29387 0.0769231 0.121394
31 0.308894 0.736178 0.0697115 0.111779
31 0.351562 0.834736 0.135817 0.140625
31 0.327524 0.591346 0.0829327 0.0769231
31 0.359976 0.359375 0.0997596 0.122596
31 0.371995 0.4375 0.0901442 0.105769
31 0.369591 0.522837 0.0612981 0.0697115
31 0.404447 0.281851 0.111779 0.0829327
31 0.433293 0.463341 0.0685096 0.0612981
31 0.440505 0.417668 0.0733173 0.0661058
31 0.473558 0.849159 0.110577 0.111779
31 0.490986 0.301683 0.0925481 0.112981
31 0.521034 0.372596 0.0853365 0.0769231
31 0.545673 0.800481 0.120192 0.144231
31 0.563702 0.425481 0.0649038 0.0817308
31 0.600361 0.369591 0.0709135 0.133413
31 0.623798 0.697115 0.0697115 0.149038
31 0.637019 0.447716 0.0721154 0.0973558
31 0.641226 0.519832 0.0709135 0.0973558
31 0.692909 0.56851 0.078125 0.0600962
31 0.701923 0.659255 0.0961538 0.126202
31 0.707933 0.495793 0.0793269 0.0877404
