44 0.483774 0.263221 0.251202 0.132212
44 0.0510817 0.146034 0.102163 0.0853365
44 0.0841346 0.25601 0.168269 0.15625
44 0.141226 0.405649 0.282452 0.239183
44 0.0817308 0.643029 0.139423 0.0697115
44 0.288462 0.16887 0.471154 0.198317
44 0.140625 0.894231 0.09375 0.0673077
44 0.251803 0.272837 0.186298 0.112981
44 0.367188 0.471154 0.282452 0.158654
44 0.341346 0.784856 0.0913462 0.0360577
44 0.394832 0.543269 0.183894 0.0961538
44 0.536058 0.156851 0.201923 0.121394
44 0.66887 0.355769 0.313702 0.134615
44 0.716947 0.228966 0.246394 0.121394
44 0.763822 0.433894 0.0949519 0.0552885
44 0.807692 0.731971 0.0432692 0.0456731
44 0.859976 0.565505 0.0372596 0.0492788
