80 0.820625 0.757505 0.35875 0.484991
80 0.170313 0.759381 0.339375 0.479362
80 0.80625 0.236398 0.3875 0.470919
80 0.481563 0.595216 0.365625 0.65197
80 0.125 0.202158 0.25 0.402439
80 0.33875 0.280488 0.4325 0.560976
80 0.6625 0.0928705 0.345 0.183865
80 0.820625 0.757505 0.35875 0.484991
80 0.170313 0.759381 0.339375 0.479362
80 0.80625 0.236398 0.3875 0.470919
80 0.481563 0.595216 0.365625 0.65197
80 0.125 0.202158 0.25 0.402439
80 0.33875 0.280488 0.4325 0.560976
80 0.6625 0.0928705 0.345 0.183865
