80 0.104167 0.19 0.171667 0.22
80 0.0916667 0.46625 0.18 0.3725
80 0.246667 0.32375 0.146667 0.2975
80 0.441667 0.21875 0.306667 0.1675
80 0.305833 0.7075 0.241667 0.54
80 0.425833 0.5 0.165 0.415
80 0.621667 0.55 0.166667 0.445
80 0.663333 0.30625 0.326667 0.2375
80 0.835833 0.41625 0.271667 0.3175
80 0.885833 0.6225 0.221667 0.435
80 0.104167 0.19 0.171667 0.22
80 0.0916667 0.46625 0.18 0.3725
80 0.246667 0.32375 0.146667 0.2975
80 0.441667 0.21875 0.306667 0.1675
80 0.305833 0.7075 0.241667 0.54
80 0.425833 0.5 0.165 0.415
80 0.621667 0.55 0.166667 0.445
80 0.663333 0.30625 0.326667 0.2375
80 0.835833 0.41625 0.271667 0.3175
80 0.885833 0.6225 0.221667 0.435
