32 0.447115 0.576923 0.0817308 0.110577
32 0.32512 0.54988 0.0492788 0.0805288
32 0.378606 0.581731 0.0745192 0.115385
32 0.411659 0.444111 0.0348558 0.0901442
32 0.436899 0.454327 0.0612981 0.100962
32 0.464543 0.480769 0.0588942 0.0817308
32 0.484375 0.352163 0.0600962 0.112981
32 0.504207 0.498197 0.0516827 0.102163
32 0.522837 0.481971 0.0649038 0.09375
32 0.578726 0.466947 0.0564904 0.102163
32 0.594952 0.406851 0.0745192 0.078125
32 0.598558 0.471154 0.0576923 0.0865385
32 0.611779 0.515024 0.0456731 0.0444712
