31 0.0606971 0.851562 0.121394 0.294471
31 0.111779 0.260817 0.223558 0.521635
31 0.115385 0.595553 0.225962 0.330529
31 0.207933 0.854567 0.324519 0.290865
31 0.190505 0.335337 0.231971 0.276442
31 0.278846 0.113582 0.177885 0.203125
31 0.332933 0.600962 0.233173 0.341346
31 0.396635 0.323918 0.201923 0.28726
31 0.486178 0.88101 0.289663 0.237981
31 0.44351 0.133413 0.15625 0.185096
31 0.548678 0.585337 0.236779 0.391827
31 0.587139 0.33113 0.188702 0.258413
31 0.613582 0.146635 0.179087 0.1875
31 0.768029 0.878005 0.266827 0.241587
31 0.792668 0.614784 0.253606 0.378606
31 0.791466 0.340745 0.19351 0.301683
31 0.800481 0.153846 0.173077 0.173077
31 0.945312 0.120192 0.106971 0.225962
31 0.947716 0.34976 0.102163 0.233173
31 0.951923 0.616587 0.0913462 0.305288
31 0.953125 0.945312 0.0889423 0.106971
31 0.953726 0.828125 0.0805288 0.127404
31 0.951322 0.889423 0.0661058 0.0721154
31 0.974159 0.983774 0.0492788 0.0300481
31 0.990385 0.915865 0.0144231 0.0721154
