44 0.175481 0.492788 0.0240385 0.0336538
44 0.22476 0.771635 0.122596 0.201923
44 0.235577 0.420673 0.0192308 0.0480769
44 0.24399 0.480168 0.0168269 0.0372596
44 0.251202 0.519231 0.0168269 0.0432692
44 0.290264 0.555288 0.0228365 0.0384615
44 0.316707 0.0625 0.0709135 0.0913462
44 0.393029 0.682692 0.15625 0.201923
44 0.432091 0.176683 0.123798 0.199519
44 0.438101 0.0228365 0.0252404 0.0456731
44 0.510216 0.68149 0.0925481 0.199519
44 0.586538 0.559495 0.134615 0.28726
44 0.602764 0.340144 0.0180288 0.0456731
44 0.675481 0.84976 0.0192308 0.0264423
44 0.682091 0.803486 0.0228365 0.0348558
44 0.735577 0.304087 0.0673077 0.151442
44 0.719351 0.802885 0.0204327 0.0288462
44 0.722957 0.859375 0.0228365 0.0456731
44 0.776442 0.664663 0.0144231 0.0456731
44 0.776442 0.957332 0.00961538 0.0348558
44 0.789663 0.853365 0.0216346 0.0336538
44 0.792668 0.930288 0.0228365 0.0432692
44 0.801082 0.811298 0.0252404 0.0216346
44 0.852163 0.210938 0.0216346 0.0372596
44 0.911659 0.267428 0.0396635 0.155048
