14 0.599159 0.361779 0.19351 0.161058
14 0.063101 0.20613 0.126202 0.157452
14 0.078726 0.433293 0.128606 0.135817
14 0.102163 0.616587 0.170673 0.161058
14 0.152043 0.0817308 0.135817 0.120192
14 0.238582 0.224159 0.140625 0.140625
14 0.260216 0.680288 0.15024 0.182692
14 0.323317 0.465745 0.165865 0.147837
14 0.34976 0.0973558 0.151442 0.132212
14 0.486779 0.605168 0.204327 0.191106
14 0.522236 0.13101 0.155048 0.15625
14 0.695312 0.146034 0.155048 0.167067
14 0.703125 0.578726 0.141827 0.128606
14 0.852163 0.51863 0.175481 0.167067
14 0.851562 0.131611 0.159856 0.133413
14 0.939904 0.365986 0.120192 0.155048
14 0.944712 0.710337 0.110577 0.170673
14 0.969351 0.178486 0.0588942 0.145433
