44 0.295673 0.590745 0.192308 0.0997596
44 0.0606971 0.0336538 0.121394 0.0673077
44 0.061899 0.133413 0.123798 0.141827
44 0.100962 0.457332 0.201923 0.174279
44 0.108173 0.811298 0.216346 0.372596
44 0.121394 0.298678 0.242788 0.188702
44 0.159856 0.489183 0.262019 0.194712
44 0.257212 0.094351 0.1875 0.15024
44 0.283654 0.88762 0.206731 0.222356
44 0.259014 0.248798 0.109375 0.0649038
44 0.275841 0.704928 0.123798 0.0685096
44 0.397236 0.280649 0.270433 0.0853365
44 0.460337 0.751803 0.185096 0.320913
44 0.666466 0.526442 0.597356 0.413462
44 0.570913 0.218149 0.132212 0.114183
44 0.71274 0.275841 0.0889423 0.0564904
44 0.770433 0.796274 0.175481 0.0973558
44 0.859375 0.216947 0.0841346 0.0540865
44 0.901442 0.860577 0.0913462 0.0961538
44 0.903846 0.277043 0.0817308 0.0444712
44 0.905048 0.242788 0.0504808 0.0192308
44 0.968149 0.829327 0.0612981 0.0384615
