31 0.0396635 0.746394 0.0793269 0.252404
31 0.0444712 0.509615 0.0889423 0.245192
31 0.0552885 0.959135 0.110577 0.0817308
31 0.499399 0.499399 0.998798 0.998798
31 0.0396635 0.130409 0.0745192 0.231971
31 0.0612981 0.221755 0.112981 0.155048
31 0.0685096 0.0661058 0.0985577 0.132212
31 0.109375 0.817308 0.137019 0.182692
31 0.129207 0.121394 0.104567 0.21875
31 0.141827 0.353966 0.120192 0.227163
31 0.163462 0.462139 0.163462 0.135817
31 0.201322 0.0510817 0.11899 0.102163
31 0.189303 0.98137 0.0564904 0.0348558
31 0.233774 0.251803 0.135817 0.123798
31 0.259615 0.688702 0.182692 0.180288
31 0.235577 0.144832 0.100962 0.121394
31 0.278245 0.871995 0.186298 0.253606
31 0.302885 0.34375 0.163462 0.153846
31 0.293269 0.484976 0.139423 0.191106
31 0.288462 0.0456731 0.0721154 0.0913462
31 0.308293 0.179688 0.0877404 0.205529
31 0.390024 0.605769 0.164663 0.173077
31 0.36899 0.0432692 0.117788 0.0865385
31 0.390625 0.123798 0.0985577 0.127404
31 0.391827 0.292668 0.0865385 0.205529
31 0.446514 0.858173 0.167067 0.283654
31 0.436899 0.466346 0.138221 0.115385
31 0.460938 0.0432692 0.0853365 0.0865385
31 0.481971 0.290264 0.0889423 0.143029
31 0.495793 0.128005 0.0973558 0.126202
31 0.51262 0.634014 0.116587 0.282452
31 0.524639 0.38762 0.13101 0.155048
31 0.53726 0.0432692 0.09375 0.0865385
31 0.564303 0.102163 0.114183 0.137019
31 0.569111 0.260817 0.11899 0.170673
31 0.570913 0.881611 0.117788 0.234375
31 0.586538 0.510216 0.0961538 0.135817
31 0.624399 0.708534 0.11899 0.191106
31 0.655048 0.378005 0.175481 0.159856
31 0.632212 0.046875 0.0961538 0.09375
31 0.652043 0.157452 0.0973558 0.122596
31 0.669471 0.235577 0.117788 0.225962
31 0.683894 0.501803 0.137019 0.186298
31 0.682091 0.902043 0.114183 0.19351
31 0.725361 0.0871394 0.0901442 0.121394
31 0.766226 0.647837 0.128606 0.242788
31 0.757212 0.03125 0.0865385 0.0625
31 0.804087 0.86238 0.175481 0.258413
31 0.791466 0.265024 0.126202 0.21274
31 0.843149 0.0336538 0.104567 0.0673077
31 0.850962 0.414663 0.0961538 0.132212
31 0.871394 0.743389 0.132212 0.183894
31 0.902644 0.582933 0.180288 0.199519
31 0.899038 0.156851 0.168269 0.169471
31 0.930889 0.415264 0.135817 0.191106
31 0.936899 0.823918 0.123798 0.253606
31 0.939904 0.328125 0.120192 0.108173
31 0.963341 0.54387 0.0709135 0.179087
31 0.977163 0.0390625 0.0456731 0.078125
31 0.978966 0.257212 0.0396635 0.139423
