28 0.134014 0.621995 0.0516827 0.0901442
28 0.134014 0.528846 0.046875 0.0865385
28 0.138822 0.729567 0.0516827 0.0985577
28 0.139423 0.822716 0.0480769 0.078125
28 0.148438 0.378005 0.0564904 0.0877404
28 0.148438 0.278245 0.0516827 0.0949519
28 0.149038 0.180288 0.0528846 0.0961538
28 0.197115 0.530048 0.0528846 0.0841346
28 0.198918 0.824519 0.0516827 0.0913462
28 0.20012 0.629207 0.0540865 0.0901442
28 0.199519 0.727163 0.0480769 0.0841346
28 0.217548 0.274038 0.0552885 0.0961538
28 0.219952 0.377404 0.0504808 0.0913462
28 0.219351 0.177284 0.0492788 0.0949519
28 0.257212 0.729567 0.0576923 0.0889423
28 0.257812 0.533053 0.0492788 0.0805288
28 0.259615 0.626202 0.0528846 0.0841346
28 0.26262 0.822716 0.0492788 0.0877404
28 0.304688 0.371394 0.0564904 0.103365
28 0.305889 0.274639 0.0588942 0.0925481
28 0.310697 0.177284 0.0540865 0.0901442
28 0.320913 0.530048 0.0552885 0.0841346
28 0.320312 0.628606 0.0492788 0.0793269
28 0.323918 0.730168 0.046875 0.0805288
28 0.32512 0.823918 0.0492788 0.0757212
28 0.375 0.272236 0.0576923 0.102163
28 0.378606 0.374399 0.0552885 0.0949519
28 0.383413 0.176082 0.0552885 0.0877404
28 0.525841 0.289062 0.0564904 0.0829327
28 0.527644 0.391226 0.0600962 0.0901442
28 0.528245 0.201923 0.0564904 0.0673077
28 0.535457 0.577524 0.0516827 0.111779
28 0.535457 0.706731 0.046875 0.125
28 0.60637 0.203125 0.0540865 0.0697115
28 0.608173 0.294471 0.0528846 0.0793269
28 0.610577 0.391226 0.0528846 0.0805288
28 0.61238 0.713942 0.0516827 0.105769
28 0.611178 0.577524 0.0444712 0.111779
28 0.689303 0.40024 0.0564904 0.0889423
28 0.6875 0.20012 0.0480769 0.0877404
28 0.688702 0.577524 0.0504808 0.111779
28 0.690505 0.294471 0.0492788 0.0889423
28 0.691707 0.714543 0.0516827 0.102163
28 0.760216 0.711538 0.0540865 0.105769
28 0.764423 0.29988 0.0528846 0.0805288
28 0.765625 0.573918 0.0552885 0.104567
28 0.763822 0.207933 0.046875 0.0793269
28 0.765625 0.394832 0.0504808 0.0925481
