32 0.348558 0.694111 0.100962 0.143029
32 0.111779 0.528245 0.117788 0.147837
32 0.135817 0.327524 0.0889423 0.126202
32 0.179087 0.440505 0.0985577 0.145433
32 0.207332 0.548678 0.0925481 0.13101
32 0.449519 0.0186298 0.0817308 0.0372596
32 0.457332 0.709736 0.0973558 0.135817
32 0.540865 0.0540865 0.105769 0.108173
32 0.564904 0.759014 0.115385 0.123798
32 0.57512 0.876202 0.111779 0.132212
32 0.579327 0.121995 0.0817308 0.11899
32 0.722957 0.45012 0.0901442 0.106971
32 0.731971 0.325721 0.0793269 0.122596
32 0.795673 0.392428 0.100962 0.121394
32 0.810096 0.521034 0.100962 0.138221
