5 0.0685096 0.257212 0.137019 0.0913462
5 0.158053 0.305288 0.24399 0.163462
5 0.213341 0.142428 0.191106 0.0973558
5 0.230168 0.188702 0.219952 0.0649038
5 0.319111 0.439904 0.335337 0.153846
5 0.304087 0.311899 0.180288 0.171875
5 0.471154 0.548077 0.403846 0.139423
5 0.371995 0.117188 0.123798 0.0853365
5 0.475361 0.303486 0.24399 0.116587
5 0.615385 0.328726 0.206731 0.16226
5 0.636418 0.463942 0.195913 0.168269
5 0.641827 0.209736 0.158654 0.121394
5 0.652043 0.126803 0.155048 0.0564904
5 0.745192 0.242788 0.149038 0.0961538
5 0.783053 0.688101 0.205529 0.414663
5 0.792668 0.177284 0.191106 0.0949519
5 0.819712 0.372596 0.206731 0.177885
5 0.904447 0.254207 0.135817 0.104567
