49 0.0853365 0.676082 0.151442 0.0685096
49 0.0913462 0.602163 0.158654 0.0697115
49 0.129808 0.53125 0.158654 0.0769231
49 0.353365 0.266226 0.0480769 0.0612981
49 0.396635 0.264423 0.0528846 0.0769231
49 0.459135 0.262019 0.0769231 0.0769231
49 0.682692 0.755409 0.134615 0.155048
49 0.737981 0.720553 0.110577 0.128606
49 0.739183 0.322115 0.0649038 0.0769231
49 0.765024 0.38101 0.102163 0.0697115
49 0.766226 0.340745 0.0661058 0.0516827
49 0.792067 0.694712 0.0697115 0.0528846
49 0.796875 0.384014 0.0552885 0.0853365
