21 0.0330529 0.310697 0.0420673 0.0877404
21 0.186298 0.788462 0.0841346 0.182692
21 0.242188 0.11899 0.0612981 0.0697115
21 0.338341 0.792668 0.205529 0.402644
21 0.297476 0.265625 0.0805288 0.112981
21 0.364183 0.432692 0.103365 0.288462
21 0.685096 0.251202 0.418269 0.502404
21 0.784856 0.790865 0.151442 0.25
21 0.771635 0.71274 0.120192 0.0841346
21 0.807692 0.102163 0.177885 0.204327
21 0.821514 0.880409 0.0661058 0.0733173
21 0.933293 0.280048 0.13101 0.189904
21 0.981971 0.831731 0.03125 0.0865385
