25 0.338341 0.588942 0.138221 0.254808
25 0.364183 0.38762 0.122596 0.217548
25 0.480769 0.0552885 0.120192 0.110577
25 0.521034 0.466346 0.133413 0.254808
25 0.560697 0.652043 0.140625 0.265625
25 0.570913 0.366587 0.112981 0.223558
25 0.63101 0.03125 0.0889423 0.0625
25 0.660457 0.480769 0.123798 0.283654
25 0.759014 0.938702 0.147837 0.122596
25 0.784255 0.774639 0.0588942 0.102163
25 0.948918 0.558293 0.0997596 0.164663
25 0.952524 0.674279 0.0925481 0.161058
25 0.96274 0.786058 0.0697115 0.182692
25 0.96274 0.917067 0.0697115 0.161058
25 0.338341 0.588942 0.138221 0.254808
25 0.364183 0.38762 0.122596 0.217548
25 0.480769 0.0552885 0.120192 0.110577
25 0.521034 0.466346 0.133413 0.254808
25 0.560697 0.652043 0.140625 0.265625
25 0.570913 0.366587 0.112981 0.223558
25 0.63101 0.03125 0.0889423 0.0625
25 0.660457 0.480769 0.123798 0.283654
25 0.759014 0.938702 0.147837 0.122596
25 0.784255 0.774639 0.0588942 0.102163
25 0.948918 0.558293 0.0997596 0.164663
25 0.952524 0.674279 0.0925481 0.161058
25 0.96274 0.786058 0.0697115 0.182692
25 0.96274 0.917067 0.0697115 0.161058
