31 0.38101 0.16226 0.03125 0.0504808
31 0.411659 0.0901442 0.0348558 0.0408654
31 0.41226 0.175481 0.03125 0.0576923
31 0.436899 0.189303 0.0276442 0.0372596
31 0.440505 0.0588942 0.0300481 0.0360577
31 0.449519 0.0985577 0.0336538 0.0240385
31 0.457332 0.0204327 0.0444712 0.0408654
31 0.452524 0.16226 0.0300481 0.03125
31 0.463942 0.0558894 0.0384615 0.0444712
31 0.469351 0.190505 0.0396635 0.0396635
31 0.48738 0.0582933 0.0372596 0.0300481
31 0.489183 0.170072 0.0264423 0.0372596
31 0.496394 0.204327 0.03125 0.0336538
31 0.495192 0.0216346 0.0240385 0.0432692
31 0.517428 0.177885 0.0348558 0.0240385
31 0.516827 0.0637019 0.0288462 0.0264423
31 0.527644 0.194712 0.0408654 0.0432692
31 0.52524 0.0456731 0.0264423 0.0336538
31 0.533654 0.165865 0.0240385 0.0240385
31 0.543269 0.110577 0.0336538 0.0432692
31 0.549279 0.063101 0.0408654 0.0396635
31 0.554087 0.0360577 0.0360577 0.0480769
31 0.569111 0.194712 0.0324519 0.0432692
31 0.572115 0.224159 0.0240385 0.0396635
31 0.590144 0.0564904 0.0456731 0.0649038
31 0.596755 0.217548 0.0348558 0.0408654
31 0.59976 0.015625 0.03125 0.03125
31 0.623798 0.188702 0.03125 0.0168269
31 0.629207 0.22476 0.0324519 0.0360577
31 0.634615 0.137019 0.0144231 0.00961538
31 0.667668 0.215745 0.0372596 0.0372596
31 0.685096 0.146635 0.0288462 0.0192308
31 0.707332 0.22476 0.0348558 0.0504808
31 0.71274 0.154447 0.0168269 0.0108173
31 0.722957 0.215144 0.0132212 0.03125
31 0.75 0.152043 0.0336538 0.0396635
