18 0.165264 0.301683 0.210337 0.151442
18 0.134615 0.472356 0.110577 0.141827
18 0.198918 0.222957 0.205529 0.0901442
18 0.204327 0.536659 0.158654 0.135817
18 0.284856 0.399639 0.180288 0.155048
18 0.307692 0.218149 0.0865385 0.109375
18 0.379808 0.207332 0.134615 0.13101
18 0.436298 0.176683 0.117788 0.0649038
18 0.50601 0.231971 0.170673 0.0841346
18 0.165264 0.301683 0.210337 0.151442
18 0.134615 0.472356 0.110577 0.141827
18 0.198918 0.222957 0.205529 0.0901442
18 0.204327 0.536659 0.158654 0.135817
18 0.284856 0.399639 0.180288 0.155048
18 0.307692 0.218149 0.0865385 0.109375
18 0.379808 0.207332 0.134615 0.13101
18 0.436298 0.176683 0.117788 0.0649038
18 0.50601 0.231971 0.170673 0.0841346
18 0.165264 0.301683 0.210337 0.151442
18 0.134615 0.472356 0.110577 0.141827
18 0.198918 0.222957 0.205529 0.0901442
18 0.204327 0.536659 0.158654 0.135817
18 0.284856 0.399639 0.180288 0.155048
18 0.307692 0.218149 0.0865385 0.109375
18 0.379808 0.207332 0.134615 0.13101
18 0.436298 0.176683 0.117788 0.0649038
18 0.50601 0.231971 0.170673 0.0841346
