2 0.420072 0.643029 0.167067 0.175481
2 0.103365 0.614183 0.105769 0.161058
2 0.106971 0.0456731 0.0552885 0.0721154
2 0.191106 0.0252404 0.0841346 0.0504808
2 0.202524 0.100962 0.0396635 0.0673077
2 0.284255 0.882212 0.0444712 0.0817308
2 0.390625 0.0745192 0.0649038 0.0769231
2 0.408053 0.310096 0.0949519 0.153846
2 0.399639 0.139423 0.0396635 0.0625
2 0.573317 0.621394 0.0408654 0.0889423
2 0.665865 0.145433 0.100962 0.137019
2 0.684495 0.403245 0.0997596 0.171875
2 0.722957 0.212139 0.0853365 0.135817
2 0.772837 0.679087 0.0793269 0.161058
2 0.764423 0.332933 0.0288462 0.0360577
2 0.784856 0.377404 0.0408654 0.0625
2 0.832332 0.473558 0.078125 0.139423
2 0.832332 0.176082 0.0733173 0.126202
2 0.954327 0.41226 0.0913462 0.137019
