18 0.0763221 0.729567 0.0612981 0.262019
18 0.239183 0.0384615 0.189904 0.0769231
18 0.319712 0.634615 0.240385 0.413462
18 0.588942 0.477764 0.149038 0.316106
18 0.579928 0.90024 0.121394 0.199519
18 0.606971 0.0186298 0.0697115 0.0372596
18 0.741587 0.774038 0.0889423 0.225962
18 0.766827 0.384014 0.100962 0.263221
18 0.807091 0.92488 0.0661058 0.147837
18 0.804087 0.0108173 0.0408654 0.0216346
18 0.844351 0.653245 0.0685096 0.186298
18 0.877404 0.311899 0.0769231 0.219952
18 0.867788 0.850361 0.0384615 0.109375
18 0.905649 0.796274 0.0372596 0.0973558
18 0.909856 0.596755 0.0408654 0.135817
18 0.948317 0.286659 0.0456731 0.15024
18 0.947716 0.555889 0.0300481 0.116587
18 0.983774 0.26863 0.0300481 0.133413
18 0.0763221 0.729567 0.0612981 0.262019
18 0.239183 0.0384615 0.189904 0.0769231
18 0.319712 0.634615 0.240385 0.413462
18 0.588942 0.477764 0.149038 0.316106
18 0.579928 0.90024 0.121394 0.199519
18 0.606971 0.0186298 0.0697115 0.0372596
18 0.741587 0.774038 0.0889423 0.225962
18 0.766827 0.384014 0.100962 0.263221
18 0.807091 0.92488 0.0661058 0.147837
18 0.804087 0.0108173 0.0408654 0.0216346
18 0.844351 0.653245 0.0685096 0.186298
18 0.877404 0.311899 0.0769231 0.219952
18 0.867788 0.850361 0.0384615 0.109375
18 0.905649 0.796274 0.0372596 0.0973558
18 0.909856 0.596755 0.0408654 0.135817
18 0.948317 0.286659 0.0456731 0.15024
18 0.947716 0.555889 0.0300481 0.116587
18 0.983774 0.26863 0.0300481 0.133413
18 0.0763221 0.729567 0.0612981 0.262019
18 0.239183 0.0384615 0.189904 0.0769231
18 0.319712 0.634615 0.240385 0.413462
18 0.588942 0.477764 0.149038 0.316106
18 0.579928 0.90024 0.121394 0.199519
18 0.606971 0.0186298 0.0697115 0.0372596
18 0.741587 0.774038 0.0889423 0.225962
18 0.766827 0.384014 0.100962 0.263221
18 0.807091 0.92488 0.0661058 0.147837
18 0.804087 0.0108173 0.0408654 0.0216346
18 0.844351 0.653245 0.0685096 0.186298
18 0.877404 0.311899 0.0769231 0.219952
18 0.867788 0.850361 0.0384615 0.109375
18 0.905649 0.796274 0.0372596 0.0973558
18 0.909856 0.596755 0.0408654 0.135817
18 0.948317 0.286659 0.0456731 0.15024
18 0.947716 0.555889 0.0300481 0.116587
18 0.983774 0.26863 0.0300481 0.133413
