26 0.0516827 0.429087 0.103365 0.228365
26 0.188702 0.465144 0.170673 0.247596
26 0.16887 0.882812 0.0925481 0.159856
26 0.230769 0.141226 0.182692 0.272837
26 0.221755 0.946514 0.13101 0.104567
26 0.492788 0.289062 0.0913462 0.0829327
26 0.531851 0.252404 0.0733173 0.0961538
26 0.601562 0.699519 0.0973558 0.163462
26 0.625 0.248197 0.144231 0.159856
26 0.685697 0.783654 0.13101 0.211538
26 0.810697 0.798077 0.111779 0.173077
26 0.945312 0.478966 0.106971 0.231971
26 0.978365 0.186298 0.0432692 0.112981
