57 0.16226 0.793269 0.324519 0.408654
57 0.16226 0.795673 0.324519 0.408654
57 0.167067 0.248798 0.334135 0.497596
57 0.169471 0.25601 0.338942 0.512019
57 0.468149 0.599159 0.402644 0.578125
57 0.471755 0.596755 0.40024 0.578125
57 0.487981 0.116587 0.413462 0.233173
57 0.491587 0.122596 0.415865 0.245192
57 0.417668 0.971154 0.219952 0.0576923
57 0.417067 0.975962 0.209135 0.0480769
57 0.797476 0.335938 0.402644 0.566106
57 0.800481 0.336538 0.399038 0.572115
57 0.801683 0.826923 0.396635 0.346154
57 0.801683 0.830529 0.396635 0.338942
