19 0.182692 0.684495 0.293269 0.34976
19 0.480769 0.471755 0.129808 0.0685096
19 0.470553 0.432091 0.0564904 0.0420673
19 0.540264 0.454928 0.0661058 0.0637019
19 0.59375 0.565505 0.0865385 0.0685096
19 0.598558 0.608173 0.0817308 0.0721154
19 0.667067 0.512019 0.0745192 0.0769231
19 0.686899 0.602163 0.0805288 0.0745192
19 0.696514 0.533654 0.0709135 0.0721154
19 0.730769 0.591947 0.0865385 0.0925481
19 0.76262 0.479567 0.078125 0.0745192
19 0.790264 0.544471 0.0805288 0.0793269
19 0.808293 0.58774 0.0829327 0.0793269
