18 0.286659 0.468149 0.159856 0.109375
18 0.250601 0.305288 0.078125 0.120192
18 0.340144 0.389423 0.199519 0.192308
18 0.292067 0.292067 0.0745192 0.0745192
18 0.374399 0.210337 0.114183 0.0360577
18 0.379808 0.290264 0.105769 0.167067
18 0.448317 0.560697 0.199519 0.0877404
18 0.46274 0.482572 0.204327 0.147837
18 0.529447 0.341947 0.188702 0.155048
18 0.569712 0.448918 0.192308 0.0709135
18 0.548077 0.198918 0.144231 0.152644
18 0.635216 0.394231 0.155048 0.0769231
18 0.65024 0.522236 0.175481 0.135817
18 0.671875 0.256611 0.137019 0.0612981
18 0.634615 0.192308 0.0576923 0.0625
18 0.688702 0.32512 0.137019 0.0829327
18 0.723558 0.402043 0.115385 0.0877404
18 0.286659 0.468149 0.159856 0.109375
18 0.250601 0.305288 0.078125 0.120192
18 0.340144 0.389423 0.199519 0.192308
18 0.292067 0.292067 0.0745192 0.0745192
18 0.374399 0.210337 0.114183 0.0360577
18 0.379808 0.290264 0.105769 0.167067
18 0.448317 0.560697 0.199519 0.0877404
18 0.46274 0.482572 0.204327 0.147837
18 0.529447 0.341947 0.188702 0.155048
18 0.569712 0.448918 0.192308 0.0709135
18 0.548077 0.198918 0.144231 0.152644
18 0.635216 0.394231 0.155048 0.0769231
18 0.65024 0.522236 0.175481 0.135817
18 0.671875 0.256611 0.137019 0.0612981
18 0.634615 0.192308 0.0576923 0.0625
18 0.688702 0.32512 0.137019 0.0829327
18 0.723558 0.402043 0.115385 0.0877404
18 0.286659 0.468149 0.159856 0.109375
18 0.250601 0.305288 0.078125 0.120192
18 0.340144 0.389423 0.199519 0.192308
18 0.292067 0.292067 0.0745192 0.0745192
18 0.374399 0.210337 0.114183 0.0360577
18 0.379808 0.290264 0.105769 0.167067
18 0.448317 0.560697 0.199519 0.0877404
18 0.46274 0.482572 0.204327 0.147837
18 0.529447 0.341947 0.188702 0.155048
18 0.569712 0.448918 0.192308 0.0709135
18 0.548077 0.198918 0.144231 0.152644
18 0.635216 0.394231 0.155048 0.0769231
18 0.65024 0.522236 0.175481 0.135817
18 0.671875 0.256611 0.137019 0.0612981
18 0.634615 0.192308 0.0576923 0.0625
18 0.688702 0.32512 0.137019 0.0829327
18 0.723558 0.402043 0.115385 0.0877404
