51 0.132212 0.149639 0.182692 0.231971
51 0.174279 0.460337 0.257212 0.300481
51 0.204928 0.25 0.207933 0.197115
51 0.192909 0.870192 0.135817 0.259615
51 0.338942 0.807091 0.120192 0.239183
51 0.378606 0.114183 0.137019 0.228365
51 0.422476 0.398438 0.157452 0.354567
51 0.4375 0.666466 0.0961538 0.207933
51 0.499399 0.178486 0.147837 0.332933
51 0.532452 0.0625 0.165865 0.110577
51 0.535457 0.552885 0.0949519 0.139423
51 0.575721 0.852163 0.161058 0.228365
51 0.707332 0.201322 0.198317 0.296875
51 0.805889 0.84375 0.183894 0.197115
51 0.82512 0.109375 0.179087 0.213942
51 0.868389 0.349159 0.179087 0.31851
51 0.855168 0.683293 0.143029 0.198317
