77 0.0252404 0.896034 0.0504808 0.205529
77 0.0498798 0.478966 0.0661058 0.102163
77 0.179087 0.900841 0.0697115 0.195913
77 0.210337 0.828125 0.0360577 0.03125
77 0.28726 0.888221 0.0649038 0.223558
77 0.467548 0.448317 0.0793269 0.213942
77 0.497596 0.788462 0.0528846 0.283654
77 0.503606 0.878005 0.0600962 0.241587
77 0.598558 0.792067 0.0384615 0.295673
77 0.623798 0.872596 0.0600962 0.254808
77 0.619591 0.489784 0.0420673 0.195913
77 0.68149 0.712139 0.0408654 0.246394
77 0.709135 0.768029 0.0480769 0.300481
77 0.733173 0.409255 0.0528846 0.121394
77 0.72476 0.504808 0.0168269 0.0144231
77 0.763221 0.861779 0.0600962 0.276442
77 0.780048 0.691707 0.0504808 0.263221
77 0.819712 0.745192 0.0528846 0.322115
77 0.88762 0.83774 0.0685096 0.324519
77 0.90625 0.666466 0.0480769 0.236779
77 0.944111 0.691106 0.0516827 0.290865
77 0.984976 0.640024 0.0276442 0.159856
