77 0.24399 0.222957 0.0168269 0.0276442
77 0.251803 0.111178 0.00841346 0.0733173
77 0.265625 0.179087 0.0168269 0.0168269
77 0.272837 0.0288462 0.0168269 0.0576923
77 0.279447 0.190505 0.0108173 0.0204327
77 0.292668 0.180288 0.0132212 0.0144231
77 0.304087 0.229567 0.03125 0.0408654
77 0.384014 0.924279 0.11899 0.127404
77 0.332933 0.235577 0.0120192 0.0528846
77 0.33774 0.03125 0.0168269 0.0625
77 0.335337 0.120793 0.00721154 0.0637019
77 0.515024 0.958534 0.135817 0.0805288
77 0.462139 0.0354567 0.0108173 0.0564904
77 0.534255 0.217548 0.0637019 0.09375
77 0.55649 0.132812 0.0120192 0.0637019
77 0.602764 0.22476 0.0709135 0.0841346
77 0.594952 0.0582933 0.0120192 0.0540865
77 0.606971 0.137019 0.0168269 0.0673077
77 0.694111 0.826923 0.104567 0.163462
77 0.685697 0.455529 0.0252404 0.0168269
77 0.826923 0.965745 0.144231 0.0661058
77 0.814303 0.560697 0.0757212 0.414663
77 0.897837 0.246394 0.0552885 0.0793269
77 0.896635 0.177885 0.0144231 0.0336538
77 0.897837 0.364183 0.0120192 0.0504808
77 0.928486 0.250601 0.00600962 0.0540865
77 0.941106 0.251202 0.0120192 0.0600962
77 0.956731 0.248197 0.00961538 0.0540865
