56 0.0144231 0.528245 0.0288462 0.128606
56 0.0697115 0.607572 0.0961538 0.109375
56 0.0805288 0.475962 0.0793269 0.158654
56 0.121394 0.541466 0.0649038 0.0973558
56 0.149038 0.398438 0.0673077 0.128606
56 0.177885 0.490385 0.0625 0.0913462
56 0.223558 0.628005 0.0913462 0.121394
56 0.215745 0.359976 0.0612981 0.114183
56 0.234375 0.429087 0.0600962 0.0889423
56 0.280649 0.546274 0.0661058 0.13101
56 0.360577 0.148438 0.221154 0.28726
56 0.326923 0.496995 0.0817308 0.114183
56 0.364784 0.449519 0.0853365 0.0961538
56 0.371394 0.670673 0.0841346 0.0913462
56 0.402644 0.402644 0.0649038 0.09375
56 0.432091 0.609375 0.0949519 0.146635
56 0.479567 0.542668 0.0889423 0.104567
56 0.513822 0.459135 0.0757212 0.0961538
56 0.588341 0.664062 0.0901442 0.13101
56 0.651442 0.619591 0.211538 0.359375
56 0.667668 0.198317 0.200721 0.233173
56 0.630409 0.739183 0.106971 0.161058
56 0.631611 0.5625 0.0901442 0.0961538
56 0.662861 0.464543 0.0709135 0.102163
56 0.674279 0.616587 0.09375 0.127404
56 0.703125 0.536058 0.0841346 0.125
56 0.725361 0.461538 0.0661058 0.100962
56 0.823918 0.752404 0.138221 0.0769231
56 0.829928 0.689303 0.140625 0.0853365
56 0.847957 0.632812 0.138221 0.0733173
56 0.854567 0.571514 0.108173 0.0612981
56 0.861779 0.521635 0.112981 0.105769
56 0.879808 0.509615 0.129808 0.0576923
56 0.960938 0.634615 0.0757212 0.125
56 0.962139 0.754808 0.0733173 0.149038
56 0.971755 0.522837 0.0540865 0.103365
