20 0.158053 0.323918 0.171875 0.0949519
20 0.266226 0.346154 0.0516827 0.120192
20 0.313101 0.261418 0.135817 0.0997596
20 0.353365 0.379808 0.153846 0.259615
20 0.307692 0.375601 0.0480769 0.121394
20 0.344351 0.167067 0.0925481 0.21875
20 0.345553 0.34375 0.0709135 0.389423
20 0.380409 0.142428 0.0588942 0.0829327
20 0.394832 0.412861 0.0540865 0.11899
20 0.434495 0.134615 0.11899 0.110577
20 0.408654 0.1875 0.0432692 0.0721154
20 0.433293 0.21274 0.0348558 0.0697115
20 0.536659 0.51262 0.241587 0.0829327
20 0.513822 0.347957 0.176683 0.210337
20 0.589543 0.340745 0.270433 0.128606
20 0.551082 0.255409 0.188702 0.135817
20 0.518029 0.0955529 0.103365 0.0612981
20 0.57512 0.210938 0.188702 0.123798
20 0.529447 0.445913 0.0877404 0.0793269
20 0.620192 0.11899 0.211538 0.117788
20 0.60637 0.150841 0.111779 0.143029
20 0.588341 0.433894 0.0709135 0.0889423
20 0.638221 0.294471 0.0745192 0.112981
20 0.655649 0.217548 0.0949519 0.112981
20 0.725361 0.221154 0.143029 0.0913462
20 0.759014 0.266827 0.0516827 0.153846
20 0.866587 0.36238 0.0504808 0.0661058
