21 0.215144 0.466947 0.276442 0.313702
21 0.537861 0.554688 0.248798 0.311298
21 0.453726 0.253005 0.0180288 0.0252404
21 0.472957 0.164663 0.0180288 0.03125
21 0.490986 0.164663 0.015625 0.03125
21 0.529447 0.077524 0.015625 0.0204327
21 0.528245 0.0817308 0.00841346 0.0240385
21 0.539062 0.0564904 0.015625 0.0216346
21 0.54988 0.0997596 0.0132212 0.0168269
21 0.560697 0.116587 0.0108173 0.0168269
21 0.93149 0.497596 0.137019 0.245192
21 0.942308 0.179688 0.0144231 0.0276442
21 0.963341 0.00901442 0.0180288 0.0180288
21 0.975962 0.0216346 0.0432692 0.0432692
21 0.965745 0.0288462 0.0180288 0.0240385
21 0.98738 0.0336538 0.00841346 0.0144231
21 0.992188 0.0108173 0.0132212 0.0216346
