18 0.233173 0.61899 0.153846 0.141827
18 0.284255 0.245793 0.135817 0.155048
18 0.434495 0.803486 0.0997596 0.246394
18 0.506611 0.165865 0.123798 0.25
18 0.644832 0.519231 0.19351 0.100962
18 0.233173 0.61899 0.153846 0.141827
18 0.284255 0.245793 0.135817 0.155048
18 0.434495 0.803486 0.0997596 0.246394
18 0.506611 0.165865 0.123798 0.25
18 0.644832 0.519231 0.19351 0.100962
18 0.233173 0.61899 0.153846 0.141827
18 0.284255 0.245793 0.135817 0.155048
18 0.434495 0.803486 0.0997596 0.246394
18 0.506611 0.165865 0.123798 0.25
18 0.644832 0.519231 0.19351 0.100962
