18 0.121995 0.777644 0.200721 0.257212
18 0.116587 0.513822 0.127404 0.200721
18 0.162861 0.270433 0.176683 0.233173
18 0.285457 0.548678 0.191106 0.260817
18 0.364784 0.807091 0.18149 0.320913
18 0.382812 0.310096 0.179087 0.25
18 0.486178 0.557091 0.183894 0.277644
18 0.569111 0.286659 0.16226 0.246394
18 0.657452 0.609375 0.180288 0.300481
18 0.757212 0.304087 0.1875 0.300481
18 0.86238 0.594351 0.186298 0.265625
18 0.121995 0.777644 0.200721 0.257212
18 0.116587 0.513822 0.127404 0.200721
18 0.162861 0.270433 0.176683 0.233173
18 0.285457 0.548678 0.191106 0.260817
18 0.364784 0.807091 0.18149 0.320913
18 0.382812 0.310096 0.179087 0.25
18 0.486178 0.557091 0.183894 0.277644
18 0.569111 0.286659 0.16226 0.246394
18 0.657452 0.609375 0.180288 0.300481
18 0.757212 0.304087 0.1875 0.300481
18 0.86238 0.594351 0.186298 0.265625
18 0.121995 0.777644 0.200721 0.257212
18 0.116587 0.513822 0.127404 0.200721
18 0.162861 0.270433 0.176683 0.233173
18 0.285457 0.548678 0.191106 0.260817
18 0.364784 0.807091 0.18149 0.320913
18 0.382812 0.310096 0.179087 0.25
18 0.486178 0.557091 0.183894 0.277644
18 0.569111 0.286659 0.16226 0.246394
18 0.657452 0.609375 0.180288 0.300481
18 0.757212 0.304087 0.1875 0.300481
18 0.86238 0.594351 0.186298 0.265625
