25 0.411659 0.459135 0.19351 0.254808
25 0.0588942 0.472957 0.117788 0.258413
25 0.0588942 0.936899 0.117788 0.123798
25 0.0600962 0.225361 0.120192 0.258413
25 0.0673077 0.722957 0.134615 0.258413
25 0.0709135 0.0564904 0.141827 0.112981
25 0.212139 0.213341 0.203125 0.268029
25 0.219351 0.925481 0.203125 0.144231
25 0.223558 0.471154 0.211538 0.278846
25 0.22476 0.0444712 0.194712 0.0889423
25 0.240986 0.730168 0.21274 0.263221
25 0.409856 0.207332 0.21875 0.270433
25 0.415264 0.0450721 0.191106 0.0901442
25 0.41887 0.915865 0.198317 0.163462
25 0.435096 0.724159 0.201923 0.241587
25 0.604567 0.0528846 0.199519 0.105769
25 0.600361 0.219952 0.186298 0.247596
25 0.613582 0.465144 0.21274 0.271635
25 0.627404 0.71875 0.201923 0.274038
25 0.631611 0.925481 0.18149 0.144231
25 0.78726 0.21875 0.194712 0.274038
25 0.786058 0.0540865 0.177885 0.108173
25 0.791466 0.472957 0.183894 0.263221
25 0.805288 0.724159 0.197115 0.260817
25 0.816707 0.923678 0.191106 0.145433
25 0.930288 0.227163 0.134615 0.242788
25 0.935096 0.455529 0.129808 0.257212
25 0.935697 0.0540865 0.126202 0.108173
25 0.941106 0.698918 0.112981 0.239183
25 0.947716 0.901442 0.102163 0.192308
25 0.411659 0.459135 0.19351 0.254808
25 0.0588942 0.472957 0.117788 0.258413
25 0.0588942 0.936899 0.117788 0.123798
25 0.0600962 0.225361 0.120192 0.258413
25 0.0673077 0.722957 0.134615 0.258413
25 0.0709135 0.0564904 0.141827 0.112981
25 0.212139 0.213341 0.203125 0.268029
25 0.219351 0.925481 0.203125 0.144231
25 0.223558 0.471154 0.211538 0.278846
25 0.22476 0.0444712 0.194712 0.0889423
25 0.240986 0.730168 0.21274 0.263221
25 0.409856 0.207332 0.21875 0.270433
25 0.415264 0.0450721 0.191106 0.0901442
25 0.41887 0.915865 0.198317 0.163462
25 0.435096 0.724159 0.201923 0.241587
25 0.604567 0.0528846 0.199519 0.105769
25 0.600361 0.219952 0.186298 0.247596
25 0.613582 0.465144 0.21274 0.271635
25 0.627404 0.71875 0.201923 0.274038
25 0.631611 0.925481 0.18149 0.144231
25 0.78726 0.21875 0.194712 0.274038
25 0.786058 0.0540865 0.177885 0.108173
25 0.791466 0.472957 0.183894 0.263221
25 0.805288 0.724159 0.197115 0.260817
25 0.816707 0.923678 0.191106 0.145433
25 0.930288 0.227163 0.134615 0.242788
25 0.935096 0.455529 0.129808 0.257212
25 0.935697 0.0540865 0.126202 0.108173
25 0.941106 0.698918 0.112981 0.239183
25 0.947716 0.901442 0.102163 0.192308
