25 0.875 0.769231 0.230769 0.370192
25 0.13762 0.721755 0.246394 0.520433
25 0.166466 0.460938 0.231971 0.445913
25 0.175481 0.239183 0.206731 0.425481
25 0.378606 0.203125 0.199519 0.372596
25 0.39363 0.714543 0.234375 0.515625
25 0.394832 0.441106 0.231971 0.463942
25 0.565505 0.255409 0.188702 0.472356
25 0.613582 0.434495 0.227163 0.436298
25 0.632812 0.694111 0.241587 0.513221
25 0.789062 0.240986 0.188702 0.477163
25 0.830529 0.442909 0.209135 0.472356
25 0.875 0.769231 0.230769 0.370192
25 0.13762 0.721755 0.246394 0.520433
25 0.166466 0.460938 0.231971 0.445913
25 0.175481 0.239183 0.206731 0.425481
25 0.378606 0.203125 0.199519 0.372596
25 0.39363 0.714543 0.234375 0.515625
25 0.394832 0.441106 0.231971 0.463942
25 0.565505 0.255409 0.188702 0.472356
25 0.613582 0.434495 0.227163 0.436298
25 0.632812 0.694111 0.241587 0.513221
25 0.789062 0.240986 0.188702 0.477163
25 0.830529 0.442909 0.209135 0.472356
