26 0.047476 0.732572 0.0372596 0.0324519
26 0.0757212 0.71274 0.0408654 0.0360577
26 0.078125 0.753005 0.0168269 0.0300481
26 0.0883413 0.893029 0.0228365 0.0216346
26 0.109375 0.748197 0.00721154 0.0108173
26 0.162861 0.77524 0.0228365 0.0408654
26 0.173678 0.873798 0.0252404 0.0168269
26 0.283654 0.330529 0.0432692 0.0408654
26 0.289062 0.783053 0.0300481 0.0516827
26 0.29988 0.522837 0.0324519 0.0360577
26 0.324519 0.477764 0.0432692 0.0420673
26 0.325721 0.932091 0.0408654 0.0324519
26 0.347957 0.366587 0.0372596 0.0360577
26 0.36899 0.449519 0.0360577 0.0336538
26 0.384615 0.832933 0.0384615 0.0360577
26 0.392428 0.792067 0.0252404 0.0264423
26 0.399639 0.714543 0.0396635 0.0540865
26 0.409856 0.464543 0.03125 0.0348558
26 0.411659 0.8125 0.0300481 0.0240385
26 0.441106 0.275841 0.0841346 0.0612981
26 0.44351 0.411659 0.0504808 0.0444712
26 0.445913 0.71274 0.0408654 0.0408654
26 0.477163 0.57512 0.0504808 0.0300481
26 0.519832 0.234375 0.0540865 0.0168269
26 0.510817 0.95012 0.0264423 0.0348558
26 0.538462 0.607572 0.0480769 0.0372596
26 0.559495 0.965745 0.0372596 0.0372596
26 0.563702 0.701923 0.0408654 0.0384615
26 0.647236 0.396034 0.0588942 0.0324519
26 0.651442 0.560697 0.0432692 0.0300481
26 0.642428 0.764423 0.0204327 0.0288462
26 0.667668 0.578726 0.0612981 0.0420673
26 0.733173 0.507212 0.0432692 0.0432692
26 0.75601 0.322716 0.0552885 0.0396635
26 0.846755 0.828726 0.0637019 0.0372596
26 0.852163 0.540865 0.0552885 0.0480769
26 0.88101 0.618389 0.0360577 0.0444712
26 0.899038 0.351562 0.0721154 0.0492788
26 0.921274 0.635216 0.0204327 0.0252404
26 0.944111 0.284255 0.0420673 0.0252404
26 0.951923 0.323918 0.0576923 0.0612981
26 0.949519 0.879808 0.0336538 0.0240385
26 0.969351 0.785457 0.0588942 0.0516827
26 0.984976 0.305288 0.0276442 0.0480769
26 0.99399 0.79387 0.0120192 0.0300481
