25 0.163462 0.850361 0.326923 0.296875
25 0.259014 0.282452 0.43149 0.362981
25 0.359976 0.457933 0.527644 0.463942
25 0.371394 0.748798 0.415865 0.223558
25 0.475962 0.895433 0.317308 0.204327
25 0.743389 0.332933 0.472356 0.507212
25 0.792067 0.884615 0.411058 0.225962
25 0.834135 0.715144 0.331731 0.223558
25 0.163462 0.850361 0.326923 0.296875
25 0.259014 0.282452 0.43149 0.362981
25 0.359976 0.457933 0.527644 0.463942
25 0.371394 0.748798 0.415865 0.223558
25 0.475962 0.895433 0.317308 0.204327
25 0.743389 0.332933 0.472356 0.507212
25 0.792067 0.884615 0.411058 0.225962
25 0.834135 0.715144 0.331731 0.223558
