26 0.409856 0.419471 0.0793269 0.0841346
26 0.0384615 0.640625 0.0576923 0.0889423
26 0.0895433 0.608173 0.0733173 0.0961538
26 0.166466 0.28125 0.0540865 0.0721154
26 0.195913 0.241587 0.0600962 0.0697115
26 0.196514 0.34976 0.0420673 0.0360577
26 0.234375 0.587139 0.0504808 0.0829327
26 0.588942 0.305288 0.0192308 0.0336538
26 0.620793 0.304087 0.0204327 0.0264423
26 0.635817 0.289663 0.0264423 0.03125
26 0.704928 0.17488 0.0492788 0.0564904
26 0.712139 0.558894 0.0108173 0.03125
26 0.733173 0.221755 0.0336538 0.0444712
26 0.730769 0.583534 0.0240385 0.0276442
26 0.765024 0.590144 0.015625 0.0360577
26 0.76863 0.55649 0.0228365 0.0264423
26 0.780649 0.707933 0.0372596 0.03125
26 0.783654 0.230168 0.0288462 0.046875
26 0.788462 0.653245 0.0240385 0.0420673
26 0.78726 0.614183 0.0216346 0.0360577
26 0.801082 0.509014 0.0348558 0.0420673
26 0.796274 0.460938 0.0204327 0.0324519
26 0.799279 0.677284 0.0216346 0.046875
26 0.823918 0.452524 0.0276442 0.0348558
26 0.83774 0.498197 0.0264423 0.0492788
26 0.852764 0.46274 0.0324519 0.0504808
26 0.871995 0.499399 0.0180288 0.0372596
26 0.886418 0.47476 0.0276442 0.0456731
26 0.885817 0.536058 0.0264423 0.0480769
26 0.926683 0.458534 0.0168269 0.0276442
26 0.93149 0.483774 0.0216346 0.0348558
26 0.939303 0.138822 0.0324519 0.0372596
26 0.96274 0.20613 0.0264423 0.0420673
26 0.966947 0.0853365 0.0348558 0.0408654
26 0.985577 0.375 0.0288462 0.0432692
26 0.986779 0.232572 0.0264423 0.0372596
