16 0.739784 0.262019 0.253606 0.307692
16 0.0805288 0.353966 0.161058 0.0877404
16 0.135216 0.704928 0.270433 0.164663
16 0.194712 0.207933 0.230769 0.257212
16 0.245793 0.158654 0.183894 0.317308
16 0.257212 0.858173 0.158654 0.278846
16 0.353966 0.129808 0.140625 0.254808
16 0.469952 0.869591 0.0504808 0.258413
16 0.539062 0.147837 0.106971 0.290865
16 0.603365 0.166466 0.134615 0.332933
16 0.57512 0.900841 0.0396635 0.195913
16 0.684495 0.90625 0.0805288 0.1875
16 0.839543 0.446514 0.308894 0.0949519
16 0.833534 0.361779 0.292067 0.117788
16 0.760216 0.908654 0.102163 0.182692
