44 0.552885 0.698918 0.201923 0.114183
44 0.0264423 0.617788 0.0528846 0.129808
44 0.114183 0.74399 0.228365 0.194712
44 0.292668 0.652644 0.36899 0.185096
44 0.340745 0.833534 0.445913 0.330529
44 0.352163 0.329327 0.0841346 0.0913462
44 0.491587 0.754207 0.0649038 0.0372596
44 0.58774 0.802284 0.180288 0.128606
44 0.602163 0.638221 0.117788 0.0745192
44 0.682692 0.76863 0.144231 0.114183
44 0.69351 0.853365 0.165865 0.0721154
44 0.674279 0.702524 0.0889423 0.0444712
44 0.676683 0.631611 0.0649038 0.0516827
44 0.822115 0.811899 0.355769 0.373798
44 0.835938 0.593149 0.311298 0.11899
44 0.763221 0.8125 0.0600962 0.0432692
44 0.774038 0.778245 0.0432692 0.0324519
