25 0.462139 0.739183 0.174279 0.0889423
25 0.475962 0.676082 0.149038 0.0396635
25 0.582933 0.719952 0.137019 0.0793269
25 0.602163 0.674279 0.127404 0.0600962
25 0.673678 0.873197 0.203125 0.0973558
25 0.650841 0.76262 0.133413 0.0733173
25 0.772837 0.666466 0.137019 0.0492788
25 0.776442 0.722957 0.125 0.0805288
25 0.867788 0.838942 0.216346 0.0865385
25 0.929087 0.776442 0.141827 0.0769231
25 0.462139 0.739183 0.174279 0.0889423
25 0.475962 0.676082 0.149038 0.0396635
25 0.582933 0.719952 0.137019 0.0793269
25 0.602163 0.674279 0.127404 0.0600962
25 0.673678 0.873197 0.203125 0.0973558
25 0.650841 0.76262 0.133413 0.0733173
25 0.772837 0.666466 0.137019 0.0492788
25 0.776442 0.722957 0.125 0.0805288
25 0.867788 0.838942 0.216346 0.0865385
25 0.929087 0.776442 0.141827 0.0769231
