31 0.0288462 0.121394 0.0576923 0.0649038
31 0.0378606 0.167668 0.0661058 0.0612981
31 0.13762 0.859976 0.251202 0.277644
31 0.0354567 0.204327 0.0420673 0.0480769
31 0.0703125 0.227764 0.0300481 0.0516827
31 0.171875 0.136418 0.175481 0.272837
31 0.283053 0.468149 0.219952 0.320913
31 0.207933 0.951923 0.0649038 0.0961538
31 0.206731 0.126202 0.0384615 0.0552885
31 0.324519 0.09375 0.168269 0.1875
31 0.289062 0.314303 0.0637019 0.0661058
31 0.389423 0.771034 0.225962 0.335337
31 0.320312 0.455529 0.0492788 0.0745192
31 0.36238 0.047476 0.0372596 0.0612981
31 0.454327 0.358173 0.211538 0.322115
31 0.439303 0.783053 0.046875 0.0805288
31 0.563702 0.665865 0.199519 0.322115
31 0.497596 0.354567 0.0432692 0.0697115
31 0.623798 0.674279 0.0408654 0.0745192
31 0.749399 0.54387 0.205529 0.270433
31 0.811298 0.569111 0.0408654 0.0757212
31 0.902043 0.448918 0.19351 0.277644
31 0.930288 0.015625 0.0480769 0.03125
31 0.969351 0.468149 0.0444712 0.0709135
