32 0.878005 0.137019 0.135817 0.129808
32 0.232572 0.513221 0.114183 0.141827
32 0.324519 0.796875 0.139423 0.15625
32 0.345553 0.366587 0.114183 0.141827
32 0.335337 0.704928 0.09375 0.0829327
32 0.355168 0.602764 0.11899 0.0949519
32 0.434495 0.682692 0.0949519 0.0817308
32 0.430889 0.747596 0.0877404 0.149038
32 0.486178 0.411058 0.15024 0.120192
32 0.558894 0.859976 0.112981 0.114183
32 0.579327 0.533654 0.115385 0.110577
32 0.578125 0.679087 0.0985577 0.0985577
32 0.640024 0.487981 0.0877404 0.129808
32 0.708534 0.427284 0.11899 0.0997596
32 0.720553 0.570312 0.0949519 0.0637019
32 0.754808 0.552284 0.120192 0.0949519
32 0.820913 0.45613 0.108173 0.123798
