32 0.583534 0.106971 0.104567 0.132212
32 0.227163 0.276442 0.108173 0.139423
32 0.231971 0.172476 0.0649038 0.0997596
32 0.266226 0.0853365 0.0949519 0.108173
32 0.28726 0.320312 0.127404 0.135817
32 0.298077 0.179087 0.100962 0.132212
32 0.35637 0.358774 0.111779 0.0877404
32 0.373798 0.246394 0.0889423 0.122596
32 0.38762 0.115986 0.102163 0.15024
32 0.426082 0.307091 0.121394 0.123798
32 0.444712 0.0967548 0.0528846 0.0588942
32 0.474159 0.196514 0.111779 0.152644
32 0.486178 0.371995 0.111779 0.0805288
32 0.51262 0.103365 0.0733173 0.0769231
32 0.539663 0.277043 0.112981 0.135817
32 0.565505 0.221755 0.0733173 0.0877404
32 0.608173 0.33774 0.129808 0.108173
32 0.659856 0.270433 0.137019 0.132212
32 0.654447 0.202524 0.0973558 0.111779
