31 0.680288 0.111178 0.221154 0.203125
31 0.134615 0.266827 0.139423 0.105769
31 0.29988 0.458534 0.104567 0.114183
31 0.41226 0.299279 0.300481 0.21875
31 0.426082 0.629207 0.174279 0.195913
31 0.402644 0.36899 0.112981 0.141827
31 0.49399 0.223558 0.237981 0.192308
31 0.560096 0.477764 0.197115 0.167067
31 0.700721 0.77524 0.228365 0.223558
31 0.655649 0.30649 0.114183 0.122596
31 0.820312 0.563702 0.236779 0.228365
31 0.836538 0.0552885 0.182692 0.110577
31 0.875 0.411659 0.240385 0.164663
31 0.873798 0.199519 0.189904 0.139423
