58 0.222957 0.926082 0.0612981 0.0637019
58 0.230769 0.677284 0.0432692 0.133413
58 0.232572 0.41887 0.046875 0.0637019
58 0.364784 0.814904 0.0612981 0.120192
58 0.365986 0.53125 0.0588942 0.134615
58 0.36899 0.23738 0.0408654 0.128606
58 0.504808 0.376803 0.0576923 0.128606
58 0.507812 0.66887 0.0588942 0.13101
58 0.506611 0.917668 0.046875 0.0805288
58 0.642428 0.813101 0.0588942 0.126202
58 0.645433 0.521635 0.0552885 0.125
58 0.636418 0.23137 0.0276442 0.13101
58 0.765024 0.432091 0.0300481 0.0276442
58 0.773438 0.67488 0.0372596 0.133413
58 0.782452 0.920673 0.0456731 0.0721154
