26 0.574519 0.659255 0.0817308 0.0829327
26 0.304087 0.3125 0.0456731 0.0673077
26 0.327524 0.344952 0.0396635 0.0504808
26 0.341346 0.539663 0.0432692 0.0745192
26 0.36238 0.61899 0.046875 0.0985577
26 0.389423 0.558293 0.0432692 0.078125
26 0.395433 0.323317 0.0504808 0.0552885
26 0.390625 0.491587 0.0264423 0.0552885
26 0.399639 0.290865 0.0348558 0.0432692
26 0.414062 0.452524 0.0540865 0.0877404
26 0.412861 0.317909 0.046875 0.0444712
26 0.418269 0.629207 0.0384615 0.0612981
26 0.420673 0.499399 0.0384615 0.0709135
26 0.429688 0.280048 0.0324519 0.03125
26 0.441106 0.484375 0.0216346 0.0600962
26 0.453125 0.267428 0.03125 0.0396635
26 0.465144 0.585337 0.0408654 0.09375
26 0.465745 0.308293 0.0324519 0.0348558
26 0.48137 0.489784 0.0444712 0.0709135
26 0.478966 0.268029 0.0252404 0.03125
26 0.495192 0.660457 0.0432692 0.114183
26 0.501202 0.300481 0.0264423 0.0384615
26 0.51262 0.247596 0.0204327 0.0432692
26 0.524038 0.579928 0.0432692 0.0877404
26 0.536058 0.368389 0.0432692 0.0588942
26 0.53125 0.265024 0.0144231 0.0348558
26 0.563101 0.466947 0.0685096 0.0925481
26 0.564303 0.328125 0.0324519 0.0745192
26 0.591947 0.559495 0.0637019 0.133413
26 0.583534 0.268029 0.0324519 0.0456731
26 0.605168 0.30649 0.0420673 0.0504808
26 0.60637 0.395433 0.0348558 0.0504808
26 0.626803 0.298077 0.0324519 0.0432692
26 0.631611 0.382212 0.0324519 0.0673077
26 0.666466 0.647837 0.0685096 0.122596
26 0.662861 0.554688 0.0516827 0.123798
26 0.66226 0.297476 0.0264423 0.046875
26 0.714543 0.499399 0.0444712 0.0853365
26 0.780048 0.549279 0.09375 0.127404
26 0.783654 0.485577 0.0865385 0.105769
26 0.817308 0.644832 0.0673077 0.106971
26 0.827524 0.553486 0.0733173 0.078125
26 0.901442 0.467548 0.0625 0.0697115
26 0.910457 0.636418 0.0709135 0.0997596
26 0.914663 0.544471 0.0600962 0.0697115
26 0.964543 0.565505 0.0588942 0.111779
26 0.961538 0.475962 0.0432692 0.0769231
26 0.984976 0.638221 0.0276442 0.0985577
