18 0.159255 0.793269 0.260817 0.336538
18 0.500601 0.852764 0.635817 0.292067
18 0.449519 0.640625 0.105769 0.137019
18 0.53726 0.583534 0.15625 0.171875
18 0.90625 0.880409 0.139423 0.15024
18 0.159255 0.793269 0.260817 0.336538
18 0.500601 0.852764 0.635817 0.292067
18 0.449519 0.640625 0.105769 0.137019
18 0.53726 0.583534 0.15625 0.171875
18 0.90625 0.880409 0.139423 0.15024
18 0.159255 0.793269 0.260817 0.336538
18 0.500601 0.852764 0.635817 0.292067
18 0.449519 0.640625 0.105769 0.137019
18 0.53726 0.583534 0.15625 0.171875
18 0.90625 0.880409 0.139423 0.15024
