54 0.296274 0.774038 0.395433 0.153846
54 0.273438 0.611178 0.28726 0.183894
54 0.254808 0.462139 0.235577 0.116587
54 0.225962 0.365986 0.134615 0.102163
54 0.397236 0.230168 0.371394 0.138221
54 0.471755 0.439904 0.46274 0.182692
54 0.470553 0.355168 0.373798 0.109375
54 0.453125 0.216947 0.223558 0.222356
54 0.49399 0.641226 0.290865 0.282452
54 0.70613 0.729567 0.47476 0.252404
54 0.684495 0.201923 0.292067 0.115385
54 0.707332 0.537861 0.332933 0.215144
54 0.712139 0.29387 0.236779 0.121394
54 0.767428 0.41226 0.203125 0.151442
