25 0.0144231 0.620793 0.0288462 0.126202
25 0.0456731 0.512019 0.0913462 0.163462
25 0.0552885 0.79988 0.110577 0.195913
25 0.0721154 0.442308 0.144231 0.0528846
25 0.106971 0.669471 0.132212 0.170673
25 0.143029 0.550481 0.117788 0.139423
25 0.328125 0.146635 0.449519 0.293269
25 0.20012 0.800481 0.159856 0.1875
25 0.191707 0.470553 0.104567 0.11899
25 0.239784 0.642428 0.138221 0.169471
25 0.27524 0.542668 0.127404 0.143029
25 0.246995 0.425481 0.0420673 0.0240385
25 0.356971 0.819111 0.237981 0.229567
25 0.314904 0.453726 0.100962 0.0997596
25 0.399038 0.653846 0.216346 0.182692
25 0.426082 0.535457 0.19351 0.143029
25 0.449519 0.449519 0.144231 0.0865385
25 0.588341 0.813702 0.24399 0.237981
25 0.597356 0.667668 0.209135 0.16226
25 0.69351 0.144231 0.372596 0.288462
25 0.581731 0.446514 0.149038 0.0805288
25 0.591947 0.533053 0.169471 0.147837
25 0.733173 0.513221 0.163462 0.151442
25 0.771635 0.628606 0.201923 0.175481
25 0.81851 0.808894 0.213942 0.257212
25 0.925481 0.0955529 0.149038 0.191106
25 0.93149 0.178486 0.137019 0.265625
25 0.0144231 0.620793 0.0288462 0.126202
25 0.0456731 0.512019 0.0913462 0.163462
25 0.0552885 0.79988 0.110577 0.195913
25 0.0721154 0.442308 0.144231 0.0528846
25 0.106971 0.669471 0.132212 0.170673
25 0.143029 0.550481 0.117788 0.139423
25 0.328125 0.146635 0.449519 0.293269
25 0.20012 0.800481 0.159856 0.1875
25 0.191707 0.470553 0.104567 0.11899
25 0.239784 0.642428 0.138221 0.169471
25 0.27524 0.542668 0.127404 0.143029
25 0.246995 0.425481 0.0420673 0.0240385
25 0.356971 0.819111 0.237981 0.229567
25 0.314904 0.453726 0.100962 0.0997596
25 0.399038 0.653846 0.216346 0.182692
25 0.426082 0.535457 0.19351 0.143029
25 0.449519 0.449519 0.144231 0.0865385
25 0.588341 0.813702 0.24399 0.237981
25 0.597356 0.667668 0.209135 0.16226
25 0.69351 0.144231 0.372596 0.288462
25 0.581731 0.446514 0.149038 0.0805288
25 0.591947 0.533053 0.169471 0.147837
25 0.733173 0.513221 0.163462 0.151442
25 0.771635 0.628606 0.201923 0.175481
25 0.81851 0.808894 0.213942 0.257212
25 0.925481 0.0955529 0.149038 0.191106
25 0.93149 0.178486 0.137019 0.265625
