73 0.320913 0.145433 0.391827 0.237981
73 0.0450721 0.505409 0.0901442 0.135817
73 0.0552885 0.796274 0.110577 0.179087
73 0.0925481 0.151442 0.185096 0.302885
73 0.103966 0.671274 0.13101 0.169471
73 0.189303 0.800481 0.157452 0.182692
73 0.23738 0.647236 0.128606 0.155048
73 0.273438 0.534856 0.114183 0.122596
73 0.347957 0.809495 0.22476 0.210337
73 0.310096 0.452524 0.100962 0.0877404
73 0.400841 0.651442 0.215144 0.182692
73 0.417067 0.53125 0.180288 0.134615
73 0.436298 0.44351 0.151442 0.0793269
73 0.583534 0.811899 0.248798 0.234375
73 0.596755 0.667067 0.207933 0.161058
73 0.685096 0.146635 0.370192 0.293269
73 0.590144 0.530048 0.165865 0.132212
73 0.584736 0.447115 0.121394 0.0817308
73 0.732572 0.490986 0.16226 0.135817
73 0.774639 0.623197 0.188702 0.164663
73 0.81851 0.810697 0.237981 0.241587
73 0.923678 0.0432692 0.15024 0.0865385
73 0.927284 0.184495 0.143029 0.268029
73 0.929087 0.726562 0.141827 0.409856
