14 0.382212 0.496394 0.100962 0.0697115
14 0.138221 0.723558 0.276442 0.216346
14 0.342548 0.833534 0.415865 0.167067
14 0.337139 0.292067 0.361779 0.300481
14 0.449519 0.984375 0.129808 0.03125
14 0.459135 0.936298 0.125 0.0697115
14 0.59375 0.868389 0.100962 0.0444712
14 0.608173 0.840745 0.120192 0.0516827
14 0.592548 0.166466 0.0697115 0.0444712
14 0.614183 0.965144 0.108173 0.0649038
14 0.729567 0.418269 0.262019 0.149038
14 0.644832 0.217548 0.0877404 0.0793269
14 0.676683 0.28125 0.112981 0.0721154
14 0.821514 0.334135 0.109375 0.0480769
14 0.864183 0.300481 0.0649038 0.0769231
