44 0.74399 0.338942 0.141827 0.177885
44 0.135817 0.25 0.108173 0.182692
44 0.469952 0.676082 0.550481 0.645433
44 0.288462 0.938702 0.173077 0.117788
44 0.320913 0.163462 0.127404 0.197115
44 0.33774 0.325721 0.0745192 0.117788
44 0.461538 0.236178 0.201923 0.188702
44 0.387019 0.314904 0.0144231 0.0384615
44 0.486178 0.108173 0.0973558 0.110577
44 0.631611 0.319111 0.0420673 0.046875
44 0.803486 0.905048 0.21274 0.189904
44 0.873197 0.76262 0.227163 0.174279
44 0.94351 0.918269 0.0552885 0.0528846
