14 0.284856 0.646034 0.478365 0.604567
14 0.0751202 0.390024 0.0540865 0.0540865
14 0.077524 0.611779 0.0492788 0.0600962
14 0.0913462 0.502404 0.0673077 0.0576923
14 0.103365 0.701923 0.0576923 0.0721154
14 0.108774 0.46274 0.0540865 0.0697115
14 0.107572 0.617188 0.046875 0.0757212
14 0.132812 0.777043 0.0588942 0.0637019
14 0.132812 0.358774 0.0540865 0.0492788
14 0.164062 0.738582 0.0588942 0.0685096
14 0.251803 0.349159 0.046875 0.0492788
14 0.284856 0.671274 0.0697115 0.0685096
14 0.302284 0.336538 0.046875 0.0288462
14 0.332332 0.371394 0.0396635 0.0456731
14 0.352163 0.386418 0.03125 0.0372596
14 0.572115 0.767428 0.0528846 0.0588942
14 0.585938 0.661659 0.0276442 0.0444712
14 0.625601 0.717548 0.0637019 0.0552885
14 0.661058 0.736779 0.0673077 0.0649038
14 0.676683 0.682091 0.0504808 0.0420673
14 0.714543 0.714543 0.0588942 0.0492788
