18 0.0901442 0.809495 0.0793269 0.0997596
18 0.124399 0.294471 0.0180288 0.0456731
18 0.322115 0.386418 0.0336538 0.046875
18 0.329928 0.077524 0.0300481 0.078125
18 0.68149 0.716947 0.0793269 0.342548
18 0.702524 0.361779 0.0637019 0.0889423
18 0.752404 0.38762 0.0528846 0.145433
18 0.767428 0.742788 0.0492788 0.0961538
18 0.0901442 0.809495 0.0793269 0.0997596
18 0.124399 0.294471 0.0180288 0.0456731
18 0.322115 0.386418 0.0336538 0.046875
18 0.329928 0.077524 0.0300481 0.078125
18 0.68149 0.716947 0.0793269 0.342548
18 0.702524 0.361779 0.0637019 0.0889423
18 0.752404 0.38762 0.0528846 0.145433
18 0.767428 0.742788 0.0492788 0.0961538
18 0.0901442 0.809495 0.0793269 0.0997596
18 0.124399 0.294471 0.0180288 0.0456731
18 0.322115 0.386418 0.0336538 0.046875
18 0.329928 0.077524 0.0300481 0.078125
18 0.68149 0.716947 0.0793269 0.342548
18 0.702524 0.361779 0.0637019 0.0889423
18 0.752404 0.38762 0.0528846 0.145433
18 0.767428 0.742788 0.0492788 0.0961538
