1 0.0216346 0.938702 0.0432692 0.0264423
1 0.0288462 0.1875 0.0576923 0.0240385
1 0.0558894 0.489784 0.111779 0.383413
1 0.046875 0.929087 0.0264423 0.0216346
1 0.077524 0.11899 0.0444712 0.0360577
1 0.71274 0.228365 0.536058 0.456731
1 0.549279 0.679688 0.0745192 0.0420673
1 0.5625 0.605769 0.0480769 0.0288462
1 0.649038 0.69351 0.0432692 0.0408654
1 0.801082 0.802885 0.0540865 0.0288462
1 0.813702 0.767428 0.0745192 0.0444712
1 0.891827 0.530649 0.0769231 0.0564904
1 0.897837 0.822716 0.0649038 0.0396635
1 0.951923 0.858173 0.0721154 0.0336538
1 0.959736 0.751803 0.078125 0.0612981
