20 0.139423 0.0240385 0.0769231 0.0480769
20 0.175481 0.0396635 0.0528846 0.0793269
20 0.223558 0.0426683 0.0817308 0.0853365
20 0.212139 0.0288462 0.0492788 0.0576923
20 0.275841 0.00721154 0.0180288 0.0144231
20 0.29387 0.0288462 0.0252404 0.0576923
20 0.307692 0.0252404 0.0192308 0.0504808
20 0.466947 0.676683 0.183894 0.165865
20 0.502404 0.424279 0.129808 0.0649038
20 0.555288 0.617788 0.206731 0.25
20 0.534255 0.380409 0.159856 0.0733173
20 0.596154 0.521635 0.206731 0.0817308
20 0.61238 0.46875 0.200721 0.0817308
20 0.578726 0.290264 0.0805288 0.0757212
20 0.609375 0.572716 0.0793269 0.0588942
20 0.611779 0.296274 0.0841346 0.121394
20 0.653245 0.345553 0.143029 0.229567
20 0.690505 0.64363 0.207933 0.0997596
20 0.692308 0.426082 0.182692 0.241587
20 0.71875 0.705529 0.158654 0.0793269
20 0.662861 0.238582 0.0372596 0.0685096
20 0.721755 0.535457 0.0444712 0.171875
20 0.753606 0.298678 0.103365 0.0733173
20 0.753005 0.583534 0.0348558 0.143029
20 0.802284 0.623197 0.104567 0.183894
20 0.773438 0.354567 0.0372596 0.0985577
20 0.81851 0.516226 0.108173 0.157452
20 0.813702 0.371995 0.0456731 0.152644
