56 0.111779 0.43149 0.213942 0.117788
56 0.152043 0.504808 0.246394 0.125
56 0.212139 0.603365 0.265625 0.134615
56 0.26863 0.701322 0.28726 0.152644
56 0.302885 0.826923 0.326923 0.197115
56 0.516226 0.612981 0.215144 0.278846
56 0.53726 0.380409 0.189904 0.126202
56 0.608173 0.438702 0.201923 0.122596
56 0.71274 0.492188 0.223558 0.114183
56 0.703125 0.303486 0.141827 0.174279
56 0.732572 0.358774 0.147837 0.155048
56 0.811899 0.583534 0.253606 0.157452
56 0.834736 0.415264 0.159856 0.186298
56 0.928486 0.504207 0.140625 0.215144
