57 0.0799279 0.646034 0.159856 0.229567
57 0.147837 0.394832 0.132212 0.19351
57 0.195312 0.173077 0.140625 0.158654
57 0.237981 0.519231 0.163462 0.230769
57 0.298077 0.274639 0.139423 0.188702
57 0.358173 0.671274 0.173077 0.231971
57 0.397236 0.406851 0.15024 0.188702
57 0.434495 0.180889 0.143029 0.169471
57 0.699519 0.390625 0.158654 0.228365
57 0.710938 0.141827 0.152644 0.192308
57 0.846154 0.542067 0.177885 0.262019
57 0.844952 0.265625 0.15625 0.21875
57 0.948918 0.159856 0.0997596 0.189904
57 0.959135 0.424279 0.0769231 0.21875
