26 0.353966 0.64363 0.116587 0.143029
26 0.0661058 0.578125 0.132212 0.117788
26 0.121995 0.531851 0.0805288 0.145433
26 0.232572 0.49399 0.0805288 0.0889423
26 0.4375 0.514423 0.0961538 0.120192
26 0.435096 0.700721 0.0336538 0.03125
26 0.439303 0.626202 0.0372596 0.0985577
26 0.66887 0.597957 0.0540865 0.046875
26 0.755409 0.513221 0.0396635 0.0985577
26 0.833534 0.482572 0.0997596 0.104567
26 0.933293 0.442909 0.0877404 0.078125
26 0.95613 0.626202 0.0709135 0.0985577
26 0.961538 0.560096 0.0721154 0.0625
26 0.983173 0.408053 0.0336538 0.114183
26 0.986779 0.489183 0.0216346 0.09375
