18 0.5 0.51863 0.331731 0.758413
18 0.0805288 0.382812 0.161058 0.578125
18 0.246394 0.528245 0.175481 0.498798
18 0.783654 0.523438 0.197115 0.566106
18 0.815505 0.149038 0.159856 0.298077
18 0.938702 0.45613 0.122596 0.498798
18 0.95012 0.106971 0.0973558 0.213942
18 0.5 0.51863 0.331731 0.758413
18 0.0805288 0.382812 0.161058 0.578125
18 0.246394 0.528245 0.175481 0.498798
18 0.783654 0.523438 0.197115 0.566106
18 0.815505 0.149038 0.159856 0.298077
18 0.938702 0.45613 0.122596 0.498798
18 0.95012 0.106971 0.0973558 0.213942
18 0.5 0.51863 0.331731 0.758413
18 0.0805288 0.382812 0.161058 0.578125
18 0.246394 0.528245 0.175481 0.498798
18 0.783654 0.523438 0.197115 0.566106
18 0.815505 0.149038 0.159856 0.298077
18 0.938702 0.45613 0.122596 0.498798
18 0.95012 0.106971 0.0973558 0.213942
