20 0.126803 0.858774 0.248798 0.241587
20 0.11899 0.597957 0.209135 0.0901442
20 0.078726 0.698317 0.123798 0.103365
20 0.046274 0.864784 0.0588942 0.0997596
20 0.0606971 0.765625 0.0829327 0.117788
20 0.235577 0.734976 0.254808 0.43149
20 0.204327 0.725962 0.1875 0.230769
20 0.272236 0.550481 0.203125 0.0817308
20 0.524639 0.922476 0.563702 0.11899
20 0.316707 0.725962 0.133413 0.0673077
20 0.38762 0.803486 0.227163 0.13101
20 0.45012 0.757812 0.284856 0.304087
20 0.430889 0.542668 0.135817 0.11899
20 0.540264 0.540264 0.176683 0.176683
20 0.515625 0.567308 0.122596 0.0961538
