62 0.0300481 0.225962 0.0600962 0.259615
62 0.0817308 0.449519 0.163462 0.375
62 0.0342548 0.833534 0.0637019 0.330529
62 0.105168 0.22476 0.138221 0.237981
62 0.135817 0.743389 0.170673 0.38101
62 0.21875 0.460337 0.177885 0.305288
62 0.230168 0.20012 0.123798 0.289663
62 0.279447 0.748798 0.164663 0.324519
62 0.342548 0.98137 0.112981 0.0348558
62 0.371394 0.429688 0.165865 0.30649
62 0.349159 0.192909 0.0973558 0.251202
62 0.427885 0.70613 0.168269 0.330529
62 0.451923 0.201923 0.110577 0.25
62 0.480168 0.914663 0.16226 0.170673
62 0.513221 0.432091 0.161058 0.253606
62 0.558894 0.653846 0.137019 0.326923
62 0.559495 0.200721 0.114183 0.209135
62 0.598558 0.903846 0.139423 0.192308
62 0.606971 0.407452 0.112981 0.266827
62 0.64363 0.195312 0.0901442 0.222356
62 0.658053 0.897236 0.0564904 0.203125
62 0.678486 0.298678 0.0300481 0.0925481
62 0.714543 0.156851 0.0925481 0.280048
62 0.861178 0.20012 0.078125 0.19351
62 0.872596 0.366587 0.100962 0.223558
62 0.862981 0.641827 0.0240385 0.197115
62 0.895433 0.910457 0.0841346 0.176683
62 0.913462 0.210337 0.0817308 0.21875
62 0.949519 0.858774 0.100962 0.251202
62 0.947716 0.584135 0.0973558 0.25
62 0.95012 0.370793 0.0973558 0.241587
62 0.965745 0.205529 0.0661058 0.189904
62 0.972957 0.554688 0.0516827 0.263221
62 0.989784 0.296274 0.0180288 0.0637019
