14 0.0667067 0.624399 0.0997596 0.0757212
14 0.0817308 0.701322 0.0817308 0.0997596
14 0.146034 0.748197 0.114183 0.0973558
14 0.148438 0.671274 0.114183 0.0733173
14 0.149639 0.628005 0.0877404 0.0348558
14 0.184495 0.683894 0.0997596 0.0504808
14 0.170072 0.34976 0.0661058 0.127404
14 0.227764 0.653846 0.0757212 0.0769231
14 0.260216 0.817308 0.13101 0.0913462
14 0.251803 0.742788 0.109375 0.100962
14 0.284255 0.772236 0.126202 0.0733173
14 0.301082 0.653245 0.0877404 0.0661058
14 0.338942 0.169471 0.105769 0.09375
14 0.35637 0.691106 0.102163 0.0889423
14 0.398438 0.662861 0.0805288 0.0612981
14 0.445913 0.73738 0.103365 0.0997596
14 0.442308 0.139423 0.0961538 0.0865385
14 0.470553 0.699519 0.0949519 0.0480769
14 0.495192 0.66887 0.0961538 0.0540865
14 0.53726 0.715745 0.0841346 0.0853365
14 0.542668 0.605769 0.0853365 0.0865385
14 0.597957 0.563702 0.0997596 0.0552885
14 0.605769 0.69351 0.0817308 0.0600962
14 0.625601 0.867788 0.0829327 0.139423
14 0.642428 0.720553 0.116587 0.0372596
14 0.659255 0.752404 0.111779 0.0721154
14 0.688702 0.823317 0.117788 0.09375
14 0.688101 0.579928 0.0973558 0.0733173
14 0.719351 0.545072 0.0925481 0.0949519
14 0.805288 0.761418 0.110577 0.0901442
14 0.810697 0.714543 0.106971 0.0444712
14 0.926082 0.737981 0.116587 0.0865385
14 0.913462 0.184495 0.0817308 0.128606
