67 0.517428 0.629207 0.116587 0.133413
67 0.241587 0.357572 0.09375 0.109375
67 0.245793 0.240385 0.0973558 0.125
67 0.284255 0.596755 0.102163 0.155048
67 0.302284 0.416466 0.0997596 0.135817
67 0.354567 0.185096 0.103365 0.105769
67 0.379808 0.266827 0.0913462 0.139423
67 0.389423 0.366587 0.105769 0.117788
67 0.39363 0.370192 0.109375 0.120192
67 0.438101 0.648438 0.078125 0.167067
67 0.445312 0.185096 0.078125 0.0913462
67 0.475962 0.241587 0.0961538 0.0600962
67 0.496394 0.519231 0.117788 0.105769
67 0.498197 0.377404 0.0925481 0.105769
67 0.577524 0.48738 0.0973558 0.114183
67 0.581731 0.692909 0.100962 0.0540865
67 0.604567 0.209135 0.0793269 0.0913462
67 0.641827 0.329327 0.0961538 0.100962
67 0.661058 0.229567 0.0913462 0.0985577
67 0.673678 0.44351 0.0925481 0.137019
67 0.707332 0.301082 0.0877404 0.111779
