25 0.177885 0.495192 0.326923 0.427885
25 0.196514 0.228365 0.277644 0.245192
25 0.259014 0.115385 0.229567 0.173077
25 0.480769 0.515625 0.326923 0.401442
25 0.448317 0.283654 0.247596 0.259615
25 0.473558 0.120793 0.225962 0.159856
25 0.679688 0.259014 0.253606 0.263221
25 0.667067 0.0889423 0.204327 0.115385
25 0.781851 0.501803 0.313702 0.388221
25 0.177885 0.495192 0.326923 0.427885
25 0.196514 0.228365 0.277644 0.245192
25 0.259014 0.115385 0.229567 0.173077
25 0.480769 0.515625 0.326923 0.401442
25 0.448317 0.283654 0.247596 0.259615
25 0.473558 0.120793 0.225962 0.159856
25 0.679688 0.259014 0.253606 0.263221
25 0.667067 0.0889423 0.204327 0.115385
25 0.781851 0.501803 0.313702 0.388221
