28 0.522236 0.729567 0.0204327 0.0552885
28 0.546274 0.765625 0.0204327 0.0456731
28 0.552885 0.696514 0.0192308 0.0420673
28 0.573918 0.814904 0.0276442 0.0384615
28 0.579327 0.756611 0.0384615 0.0564904
28 0.628606 0.948918 0.0552885 0.0949519
28 0.656851 0.553486 0.0877404 0.174279
28 0.653846 0.735577 0.0576923 0.110577
28 0.695913 0.917067 0.0504808 0.0889423
28 0.70613 0.679688 0.0564904 0.114183
28 0.740986 0.848558 0.0444712 0.0721154
28 0.829327 0.199519 0.100962 0.1875
28 0.854567 0.961538 0.0552885 0.0769231
28 0.861178 0.53125 0.0637019 0.120192
28 0.972356 0.730769 0.0504808 0.1875
28 0.984976 0.404447 0.0276442 0.135817
