14 0.336538 0.29387 0.144231 0.135817
14 0.363582 0.534255 0.159856 0.15024
14 0.373197 0.399639 0.116587 0.155048
14 0.450721 0.688702 0.132212 0.199519
14 0.451322 0.357572 0.0949519 0.16226
14 0.527043 0.609976 0.145433 0.157452
14 0.542668 0.500601 0.128606 0.169471
14 0.54387 0.341947 0.0829327 0.164663
14 0.647837 0.382812 0.146635 0.13101
14 0.653846 0.277644 0.120192 0.127404
14 0.685096 0.626803 0.168269 0.147837
14 0.688101 0.478365 0.145433 0.139423
14 0.780649 0.464543 0.123798 0.179087
