18 0.532452 0.536058 0.449519 0.211538
18 0.0384615 0.0348558 0.0769231 0.0697115
18 0.176082 0.353365 0.352163 0.163462
18 0.317909 0.149038 0.40024 0.149038
18 0.41887 0.0378606 0.332933 0.0757212
18 0.709135 0.313702 0.399038 0.180288
18 0.838341 0.152644 0.320913 0.127404
18 0.532452 0.536058 0.449519 0.211538
18 0.0384615 0.0348558 0.0769231 0.0697115
18 0.176082 0.353365 0.352163 0.163462
18 0.317909 0.149038 0.40024 0.149038
18 0.41887 0.0378606 0.332933 0.0757212
18 0.709135 0.313702 0.399038 0.180288
18 0.838341 0.152644 0.320913 0.127404
18 0.532452 0.536058 0.449519 0.211538
18 0.0384615 0.0348558 0.0769231 0.0697115
18 0.176082 0.353365 0.352163 0.163462
18 0.317909 0.149038 0.40024 0.149038
18 0.41887 0.0378606 0.332933 0.0757212
18 0.709135 0.313702 0.399038 0.180288
18 0.838341 0.152644 0.320913 0.127404
