73 0.410457 0.423678 0.296875 0.323317
73 0.0612981 0.974159 0.122596 0.0444712
73 0.145433 0.174279 0.28125 0.276442
73 0.394231 0.776442 0.341346 0.350962
73 0.374399 0.979567 0.24399 0.0408654
73 0.389423 0.120192 0.269231 0.240385
73 0.663462 0.918269 0.302885 0.163462
73 0.642428 0.134014 0.25601 0.263221
73 0.698918 0.672476 0.282452 0.277644
73 0.692308 0.395433 0.264423 0.271635
73 0.883413 0.206731 0.228365 0.221154
73 0.90024 0.778846 0.199519 0.350962
73 0.911058 0.457933 0.173077 0.319712
73 0.911659 0.966947 0.174279 0.0637019
