26 0.323918 0.53125 0.11899 0.105769
26 0.0276442 0.946514 0.0552885 0.0661058
26 0.13762 0.361178 0.0685096 0.0973558
26 0.157452 0.621394 0.0456731 0.0841346
26 0.16226 0.66887 0.0552885 0.0540865
26 0.191707 0.322716 0.0372596 0.0396635
26 0.217548 0.378005 0.0552885 0.0637019
26 0.300481 0.422476 0.0673077 0.0997596
26 0.397837 0.457332 0.0745192 0.0877404
26 0.454327 0.798678 0.0673077 0.126202
26 0.475361 0.196514 0.046875 0.0757212
26 0.503606 0.902043 0.0745192 0.0685096
26 0.520433 0.54988 0.0793269 0.128606
26 0.532452 0.286659 0.0697115 0.0925481
26 0.534255 0.164663 0.0588942 0.0841346
26 0.582933 0.0637019 0.09375 0.127404
26 0.573317 0.918269 0.0649038 0.0673077
26 0.620192 0.876202 0.0721154 0.0745192
26 0.661659 0.430288 0.0925481 0.144231
26 0.89363 0.902043 0.0612981 0.0829327
26 0.927885 0.23738 0.0576923 0.128606
26 0.965745 0.876803 0.0661058 0.0997596
26 0.984375 0.390024 0.03125 0.0733173
