49 0.031851 0.941707 0.0540865 0.0516827
49 0.13762 0.355769 0.078125 0.0817308
49 0.153245 0.625 0.0661058 0.0769231
49 0.165264 0.685096 0.0757212 0.0625
49 0.208534 0.388822 0.0564904 0.0805288
49 0.314904 0.43149 0.0865385 0.103365
49 0.332332 0.528245 0.0973558 0.114183
49 0.394231 0.440505 0.0865385 0.121394
49 0.505409 0.901442 0.0877404 0.0961538
49 0.571514 0.911058 0.0757212 0.0769231
49 0.587139 0.0504808 0.0925481 0.100962
49 0.580529 0.961538 0.0697115 0.0721154
49 0.622596 0.885216 0.0673077 0.0925481
49 0.653245 0.423077 0.104567 0.139423
49 0.892428 0.894231 0.0540865 0.0817308
49 0.941106 0.230769 0.0841346 0.100962
49 0.95012 0.873798 0.0973558 0.103365
