20 0.0378606 0.72476 0.0757212 0.286058
20 0.0522837 0.517428 0.104567 0.203125
20 0.100361 0.797476 0.0949519 0.402644
20 0.114784 0.549279 0.123798 0.213942
20 0.175481 0.724159 0.149038 0.284856
20 0.183293 0.474159 0.106971 0.169471
20 0.265024 0.781851 0.227163 0.433894
20 0.189303 0.278846 0.0612981 0.25
20 0.231971 0.286659 0.103365 0.332933
20 0.354567 0.711538 0.310096 0.139423
20 0.296875 0.52524 0.117788 0.324519
20 0.324519 0.463341 0.149038 0.455529
20 0.412861 0.504207 0.0949519 0.354567
20 0.459736 0.840144 0.188702 0.137019
