14 0.0324519 0.561298 0.0649038 0.194712
14 0.0480769 0.828125 0.0961538 0.34375
14 0.0817308 0.727764 0.144231 0.316106
14 0.0715144 0.493389 0.0853365 0.155048
14 0.135817 0.65024 0.108173 0.300481
14 0.194111 0.529447 0.0997596 0.227163
14 0.26863 0.817909 0.22476 0.361779
14 0.24399 0.508413 0.0552885 0.180288
14 0.333534 0.736178 0.176683 0.366587
14 0.338942 0.615986 0.139423 0.246394
14 0.384615 0.560096 0.125 0.230769
14 0.58113 0.647837 0.123798 0.276442
14 0.566106 0.529447 0.0889423 0.231971
14 0.605168 0.726562 0.167067 0.31851
14 0.578726 0.589543 0.114183 0.21274
14 0.653846 0.836538 0.225962 0.326923
14 0.748798 0.509615 0.0841346 0.230769
14 0.787861 0.524639 0.0997596 0.207933
14 0.815505 0.602764 0.13101 0.263221
14 0.84976 0.667067 0.137019 0.286058
14 0.911659 0.740986 0.169471 0.347356
14 0.93149 0.832933 0.132212 0.329327
14 0.955529 0.541466 0.0889423 0.227163
