32 0.875601 0.588942 0.169471 0.206731
32 0.224159 0.650841 0.0877404 0.109375
32 0.227163 0.583534 0.0745192 0.0661058
32 0.293269 0.495192 0.0528846 0.0865385
32 0.319111 0.602163 0.0757212 0.0649038
32 0.358774 0.684495 0.0877404 0.123798
32 0.346755 0.411058 0.0540865 0.0384615
32 0.382812 0.363582 0.0444712 0.0348558
32 0.414663 0.549279 0.0504808 0.0456731
32 0.435697 0.3125 0.0348558 0.0336538
32 0.471154 0.599159 0.0721154 0.0540865
32 0.458534 0.33774 0.0372596 0.0264423
32 0.486178 0.476562 0.0733173 0.102163
32 0.469351 0.277644 0.0348558 0.03125
32 0.545673 0.715144 0.0961538 0.117788
32 0.512019 0.31851 0.0240385 0.0168269
32 0.540264 0.396635 0.0564904 0.0769231
32 0.536058 0.225962 0.0336538 0.0336538
32 0.603966 0.339543 0.0492788 0.0444712
32 0.606971 0.232572 0.0504808 0.0661058
32 0.634014 0.195913 0.0420673 0.0504808
32 0.655649 0.256611 0.0612981 0.0805288
32 0.680288 0.209135 0.0384615 0.0528846
32 0.860577 0.0829327 0.0865385 0.0504808
32 0.880409 0.792067 0.106971 0.146635
