31 0.484976 0.634014 0.24399 0.143029
31 0.244591 0.293269 0.489183 0.586538
31 0.498798 0.807692 0.997596 0.384615
31 0.117788 0.31851 0.216346 0.161058
31 0.298678 0.682692 0.38101 0.206731
31 0.232572 0.397236 0.22476 0.155048
31 0.265024 0.542067 0.207933 0.127404
31 0.276442 0.233774 0.177885 0.116587
31 0.380409 0.139423 0.270433 0.120192
31 0.387019 0.300481 0.25 0.120192
31 0.48137 0.481971 0.405048 0.161058
31 0.458534 0.390625 0.210337 0.0841346
31 0.528245 0.204327 0.277644 0.0961538
31 0.521034 0.334135 0.0997596 0.0865385
31 0.739183 0.277644 0.521635 0.555288
31 0.596154 0.142428 0.153846 0.0396635
31 0.655048 0.25 0.170673 0.139423
31 0.759615 0.531851 0.341346 0.188702
31 0.765625 0.40625 0.180288 0.100962
