44 0.698918 0.278846 0.0901442 0.110577
44 0.0673077 0.391827 0.0480769 0.0528846
44 0.180889 0.179087 0.260817 0.0841346
44 0.0973558 0.417067 0.0552885 0.0504808
44 0.0967548 0.246394 0.0300481 0.0552885
44 0.138221 0.382212 0.0552885 0.0432692
44 0.147837 0.33774 0.0408654 0.0504808
44 0.159856 0.245793 0.0360577 0.0348558
44 0.160457 0.282452 0.0372596 0.0408654
44 0.176683 0.868389 0.03125 0.0348558
44 0.191106 0.246995 0.03125 0.046875
44 0.241587 0.746995 0.03125 0.0324519
44 0.330529 0.82512 0.0889423 0.0733173
44 0.328726 0.658053 0.0372596 0.0324519
44 0.361178 0.631611 0.0300481 0.0276442
44 0.411058 0.128606 0.120192 0.180288
44 0.371394 0.536659 0.03125 0.0348558
44 0.417668 0.623197 0.0276442 0.0300481
44 0.432692 0.365986 0.0432692 0.0348558
44 0.445312 0.597356 0.0300481 0.0360577
44 0.450721 0.480168 0.0360577 0.0516827
44 0.478966 0.912861 0.0348558 0.0276442
44 0.477764 0.486178 0.0324519 0.0348558
44 0.561899 0.459736 0.0420673 0.0396635
44 0.561899 0.676082 0.0324519 0.0348558
44 0.563101 0.520433 0.0348558 0.03125
44 0.569712 0.726562 0.0432692 0.0396635
44 0.573918 0.489784 0.0276442 0.0372596
44 0.587139 0.804087 0.0348558 0.0360577
44 0.597356 0.689303 0.0360577 0.0324519
44 0.597957 0.554688 0.0324519 0.0324519
44 0.609976 0.783654 0.046875 0.0576923
44 0.612981 0.655048 0.0384615 0.0408654
44 0.674279 0.168269 0.0456731 0.0432692
44 0.6875 0.0228365 0.0240385 0.0360577
44 0.698918 0.177284 0.046875 0.0516827
44 0.708534 0.0570913 0.0276442 0.0324519
44 0.73738 0.136418 0.0324519 0.0372596
44 0.804688 0.180889 0.0324519 0.0348558
44 0.811298 0.219952 0.03125 0.0360577
44 0.835938 0.125 0.0420673 0.0432692
44 0.835337 0.195913 0.0264423 0.0264423
44 0.863582 0.140625 0.0348558 0.03125
44 0.890625 0.292668 0.03125 0.0276442
