18 0.237981 0.453125 0.389423 0.362981
18 0.346755 0.754808 0.58774 0.490385
18 0.225962 0.242188 0.278846 0.186298
18 0.20613 0.131611 0.22476 0.143029
18 0.204327 0.046875 0.177885 0.0889423
18 0.421274 0.0288462 0.169471 0.0576923
18 0.445913 0.0871394 0.204327 0.106971
18 0.495192 0.183894 0.259615 0.15625
18 0.471154 0.111779 0.201923 0.108173
18 0.565505 0.36238 0.332933 0.277644
18 0.650841 0.0697115 0.205529 0.139423
18 0.783053 0.605168 0.43149 0.508413
18 0.776442 0.158654 0.254808 0.1875
18 0.879207 0.293269 0.239183 0.254808
18 0.98137 0.439303 0.0348558 0.11899
18 0.237981 0.453125 0.389423 0.362981
18 0.346755 0.754808 0.58774 0.490385
18 0.225962 0.242188 0.278846 0.186298
18 0.20613 0.131611 0.22476 0.143029
18 0.204327 0.046875 0.177885 0.0889423
18 0.421274 0.0288462 0.169471 0.0576923
18 0.445913 0.0871394 0.204327 0.106971
18 0.495192 0.183894 0.259615 0.15625
18 0.471154 0.111779 0.201923 0.108173
18 0.565505 0.36238 0.332933 0.277644
18 0.650841 0.0697115 0.205529 0.139423
18 0.783053 0.605168 0.43149 0.508413
18 0.776442 0.158654 0.254808 0.1875
18 0.879207 0.293269 0.239183 0.254808
18 0.98137 0.439303 0.0348558 0.11899
18 0.237981 0.453125 0.389423 0.362981
18 0.346755 0.754808 0.58774 0.490385
18 0.225962 0.242188 0.278846 0.186298
18 0.20613 0.131611 0.22476 0.143029
18 0.204327 0.046875 0.177885 0.0889423
18 0.421274 0.0288462 0.169471 0.0576923
18 0.445913 0.0871394 0.204327 0.106971
18 0.495192 0.183894 0.259615 0.15625
18 0.471154 0.111779 0.201923 0.108173
18 0.565505 0.36238 0.332933 0.277644
18 0.650841 0.0697115 0.205529 0.139423
18 0.783053 0.605168 0.43149 0.508413
18 0.776442 0.158654 0.254808 0.1875
18 0.879207 0.293269 0.239183 0.254808
18 0.98137 0.439303 0.0348558 0.11899
