25 0.149038 0.652644 0.298077 0.271635
25 0.22476 0.36238 0.237981 0.157452
25 0.241587 0.501202 0.257212 0.242788
25 0.435096 0.438101 0.413462 0.606971
25 0.727764 0.915865 0.215144 0.134615
25 0.746394 0.378606 0.223558 0.170673
25 0.825721 0.499399 0.117788 0.22476
25 0.149038 0.652644 0.298077 0.271635
25 0.22476 0.36238 0.237981 0.157452
25 0.241587 0.501202 0.257212 0.242788
25 0.435096 0.438101 0.413462 0.606971
25 0.727764 0.915865 0.215144 0.134615
25 0.746394 0.378606 0.223558 0.170673
25 0.825721 0.499399 0.117788 0.22476
