20 0.129207 0.558894 0.0901442 0.15625
20 0.305288 0.589543 0.326923 0.0973558
20 0.265625 0.436899 0.180288 0.123798
20 0.213942 0.735577 0.0576923 0.144231
20 0.241587 0.534856 0.108173 0.137019
20 0.253606 0.40024 0.0793269 0.0745192
20 0.324519 0.674279 0.177885 0.0793269
20 0.28125 0.729567 0.0769231 0.199519
20 0.284856 0.544471 0.0697115 0.0889423
20 0.339543 0.50601 0.15024 0.132212
20 0.378005 0.811899 0.140625 0.0901442
20 0.373798 0.500601 0.108173 0.121394
20 0.385216 0.408053 0.0588942 0.0420673
20 0.454327 0.704327 0.197115 0.125
20 0.385817 0.371394 0.0552885 0.0504808
20 0.464543 0.828125 0.13101 0.0841346
20 0.429688 0.415264 0.0516827 0.0324519
20 0.454327 0.389423 0.0576923 0.0673077
20 0.496394 0.737981 0.137019 0.0865385
