24 0.0204327 0.387019 0.0408654 0.0865385
24 0.0673077 0.416466 0.125 0.121394
24 0.150841 0.475361 0.123798 0.11899
24 0.158053 0.227163 0.0709135 0.0793269
24 0.257812 0.499399 0.169471 0.186298
24 0.239784 0.239784 0.114183 0.0997596
24 0.321514 0.26262 0.123798 0.116587
24 0.371394 0.577524 0.185096 0.198317
24 0.421875 0.281851 0.151442 0.135817
24 0.5 0.677284 0.182692 0.205529
24 0.513221 0.338942 0.127404 0.115385
24 0.676683 0.776442 0.228365 0.259615
24 0.645433 0.384615 0.132212 0.115385
24 0.797476 0.423077 0.167067 0.158654
24 0.888221 0.907452 0.21875 0.180288
24 0.959135 0.479567 0.0769231 0.170673
