18 0.106971 0.720553 0.213942 0.258413
18 0.15625 0.509615 0.177885 0.182692
18 0.219351 0.358774 0.13101 0.145433
18 0.350361 0.558894 0.176683 0.204327
18 0.367188 0.414062 0.167067 0.145433
18 0.579928 0.375 0.159856 0.110577
18 0.636418 0.713942 0.272837 0.221154
18 0.615986 0.521635 0.207933 0.168269
18 0.758413 0.381611 0.15625 0.128606
18 0.83113 0.539062 0.195913 0.174279
18 0.917067 0.737981 0.161058 0.216346
18 0.106971 0.720553 0.213942 0.258413
18 0.15625 0.509615 0.177885 0.182692
18 0.219351 0.358774 0.13101 0.145433
18 0.350361 0.558894 0.176683 0.204327
18 0.367188 0.414062 0.167067 0.145433
18 0.579928 0.375 0.159856 0.110577
18 0.636418 0.713942 0.272837 0.221154
18 0.615986 0.521635 0.207933 0.168269
18 0.758413 0.381611 0.15625 0.128606
18 0.83113 0.539062 0.195913 0.174279
18 0.917067 0.737981 0.161058 0.216346
18 0.106971 0.720553 0.213942 0.258413
18 0.15625 0.509615 0.177885 0.182692
18 0.219351 0.358774 0.13101 0.145433
18 0.350361 0.558894 0.176683 0.204327
18 0.367188 0.414062 0.167067 0.145433
18 0.579928 0.375 0.159856 0.110577
18 0.636418 0.713942 0.272837 0.221154
18 0.615986 0.521635 0.207933 0.168269
18 0.758413 0.381611 0.15625 0.128606
18 0.83113 0.539062 0.195913 0.174279
18 0.917067 0.737981 0.161058 0.216346
