44 0.561899 0.930889 0.138221 0.106971
44 0.393029 0.786659 0.0841346 0.0733173
44 0.405649 0.869591 0.0901442 0.0805288
44 0.416466 0.933293 0.0877404 0.0637019
44 0.425481 0.70613 0.0673077 0.046875
44 0.448918 0.958534 0.0949519 0.0805288
44 0.440505 0.739784 0.0685096 0.0372596
44 0.498798 0.767428 0.0745192 0.0637019
44 0.540865 0.528245 0.0384615 0.0420673
44 0.563101 0.498197 0.0348558 0.0396635
44 0.59976 0.805288 0.0745192 0.0769231
44 0.601562 0.499399 0.0540865 0.0420673
44 0.636418 0.877404 0.0901442 0.0865385
44 0.620793 0.477163 0.0396635 0.0504808
44 0.675481 0.783654 0.105769 0.0625
44 0.638822 0.45012 0.0324519 0.0348558
44 0.701322 0.958534 0.104567 0.0805288
44 0.670072 0.449519 0.0420673 0.0288462
44 0.734976 0.850962 0.109375 0.0769231
44 0.738582 0.768029 0.0540865 0.0745192
44 0.80649 0.926082 0.122596 0.0877404
44 0.801082 0.777644 0.0733173 0.0793269
44 0.82512 0.822115 0.078125 0.0576923
44 0.841346 0.745192 0.0384615 0.0432692
44 0.904447 0.907452 0.121394 0.103365
44 0.885216 0.786659 0.0588942 0.0588942
44 0.890024 0.744591 0.0492788 0.0420673
44 0.944111 0.834135 0.0709135 0.0625
44 0.947115 0.783053 0.0721154 0.0516827
44 0.990385 0.832332 0.0192308 0.0588942
