14 0.126202 0.363582 0.165865 0.15024
14 0.135817 0.507812 0.141827 0.198317
14 0.180889 0.202524 0.207933 0.207933
14 0.207332 0.628606 0.227163 0.146635
14 0.235577 0.804087 0.206731 0.189904
14 0.259615 0.453726 0.144231 0.191106
14 0.283654 0.288462 0.144231 0.192308
14 0.302284 0.549279 0.152644 0.146635
14 0.347957 0.147236 0.205529 0.145433
14 0.340144 0.695312 0.146635 0.15024
14 0.394832 0.371995 0.19351 0.152644
14 0.409255 0.839543 0.155048 0.217548
14 0.423077 0.28125 0.168269 0.129808
14 0.424279 0.543269 0.170673 0.211538
14 0.469952 0.709736 0.132212 0.179087
14 0.545072 0.239183 0.219952 0.146635
14 0.550481 0.0925481 0.192308 0.146635
14 0.516226 0.402644 0.123798 0.151442
14 0.560697 0.543269 0.155048 0.211538
14 0.574519 0.878005 0.177885 0.145433
14 0.574519 0.729567 0.153846 0.146635
14 0.659255 0.374399 0.183894 0.210337
14 0.692308 0.679688 0.153846 0.133413
14 0.701322 0.194111 0.16226 0.157452
14 0.71274 0.826322 0.15625 0.167067
14 0.719952 0.567909 0.146635 0.19351
14 0.847957 0.389423 0.210337 0.149038
14 0.841346 0.701322 0.168269 0.186298
14 0.86899 0.52524 0.170673 0.15625
