26 0.184495 0.783053 0.344952 0.373798
26 0.0757212 0.947115 0.151442 0.100962
26 0.195913 0.617188 0.276442 0.157452
26 0.307692 0.979567 0.221154 0.0408654
26 0.373197 0.892428 0.174279 0.183894
26 0.524639 0.743389 0.308894 0.27524
26 0.500601 0.584135 0.179087 0.0769231
26 0.595553 0.938702 0.263221 0.122596
26 0.621995 0.548678 0.147837 0.121394
26 0.697716 0.979567 0.246394 0.0408654
26 0.734976 0.673678 0.277644 0.246394
26 0.649038 0.373197 0.0288462 0.0444712
26 0.657452 0.388221 0.0456731 0.0649038
26 0.692909 0.395433 0.0733173 0.0697115
26 0.831731 0.888822 0.336538 0.219952
26 0.738582 0.411659 0.0588942 0.0540865
26 0.778245 0.42488 0.0516827 0.0420673
26 0.813702 0.343149 0.0697115 0.0516827
26 0.892428 0.604567 0.21274 0.194712
26 0.83774 0.426683 0.0649038 0.0600962
26 0.873798 0.415865 0.0504808 0.0528846
26 0.878606 0.342548 0.0504808 0.0456731
26 0.895433 0.27524 0.0745192 0.0649038
26 0.933293 0.781851 0.13101 0.231971
26 0.913462 0.376202 0.0769231 0.0360577
26 0.925481 0.335337 0.0721154 0.0697115
26 0.944111 0.435096 0.109375 0.129808
26 0.934495 0.234976 0.0709135 0.0661058
26 0.981971 0.328726 0.0360577 0.0805288
26 0.982572 0.222957 0.0324519 0.0661058
