73 0.27524 0.803486 0.507212 0.352163
73 0.0108173 0.170072 0.0216346 0.0612981
73 0.0865385 0.301082 0.173077 0.145433
73 0.153245 0.167067 0.253606 0.112981
73 0.325721 0.488582 0.387019 0.227163
73 0.373197 0.304087 0.328125 0.151442
73 0.404447 0.170673 0.294471 0.125
73 0.714543 0.484976 0.313702 0.186298
73 0.690505 0.166466 0.227163 0.155048
73 0.728966 0.300481 0.251202 0.177885
73 0.79387 0.784856 0.366587 0.305288
73 0.932091 0.165865 0.128606 0.139423
73 0.969952 0.292668 0.0600962 0.128606
73 0.977764 0.50601 0.0420673 0.146635
