62 0.146635 0.30649 0.293269 0.584135
62 0.121995 0.742188 0.229567 0.513221
62 0.170072 0.111779 0.219952 0.223558
62 0.198918 0.967548 0.147837 0.0649038
62 0.334736 0.75 0.323317 0.5
62 0.34976 0.14363 0.180288 0.28726
62 0.41226 0.278846 0.233173 0.557692
62 0.525841 0.115986 0.22476 0.231971
62 0.560697 0.909255 0.27524 0.179087
62 0.541466 0.413462 0.116587 0.355769
62 0.655048 0.689904 0.305288 0.485577
62 0.607572 0.234375 0.200721 0.305288
62 0.672476 0.358774 0.143029 0.246394
62 0.70012 0.094351 0.13101 0.188702
62 0.861178 0.359375 0.27524 0.536058
62 0.885817 0.810096 0.223558 0.375
62 0.899038 0.135817 0.201923 0.271635
