25 0.236779 0.714543 0.435096 0.520433
25 0.0757212 0.451322 0.151442 0.373798
25 0.195913 0.220553 0.334135 0.311298
25 0.423077 0.382812 0.365385 0.385817
25 0.42488 0.103365 0.268029 0.206731
25 0.636418 0.814303 0.590144 0.36899
25 0.645433 0.155048 0.290865 0.310096
25 0.79387 0.512019 0.409856 0.485577
25 0.909856 0.248798 0.180288 0.295673
25 0.236779 0.714543 0.435096 0.520433
25 0.0757212 0.451322 0.151442 0.373798
25 0.195913 0.220553 0.334135 0.311298
25 0.423077 0.382812 0.365385 0.385817
25 0.42488 0.103365 0.268029 0.206731
25 0.636418 0.814303 0.590144 0.36899
25 0.645433 0.155048 0.290865 0.310096
25 0.79387 0.512019 0.409856 0.485577
25 0.909856 0.248798 0.180288 0.295673
