32 0.0198317 0.838942 0.0252404 0.0625
32 0.0444712 0.834135 0.0264423 0.0528846
32 0.0655048 0.450721 0.0588942 0.0649038
32 0.0594952 0.742788 0.0324519 0.0625
32 0.0703125 0.50601 0.0492788 0.0552885
32 0.0733173 0.838341 0.0360577 0.0516827
32 0.0769231 0.685697 0.0432692 0.0588942
32 0.0703125 0.608774 0.0252404 0.0492788
32 0.102163 0.627404 0.0504808 0.0625
32 0.116587 0.480769 0.0408654 0.0673077
32 0.117788 0.370192 0.0432692 0.0528846
32 0.117788 0.746394 0.0288462 0.0408654
32 0.127404 0.426683 0.0480769 0.0600962
32 0.126803 0.821514 0.0420673 0.0661058
32 0.119591 0.695312 0.0228365 0.0348558
32 0.149639 0.308293 0.0492788 0.0492788
32 0.152644 0.259014 0.0408654 0.0324519
32 0.167067 0.207332 0.0504808 0.0492788
32 0.182692 0.278245 0.0480769 0.0516827
32 0.243389 0.396034 0.0444712 0.0564904
32 0.26262 0.896635 0.0348558 0.0528846
32 0.276442 0.900841 0.0432692 0.0420673
32 0.301683 0.91887 0.0408654 0.0396635
32 0.321514 0.311899 0.0420673 0.0564904
32 0.332933 0.247596 0.0456731 0.0528846
32 0.472356 0.210337 0.199519 0.40625
32 0.455529 0.549279 0.09375 0.151442
32 0.608173 0.673678 0.201923 0.169471
32 0.615986 0.40024 0.102163 0.0985577
32 0.740385 0.392428 0.105769 0.241587
32 0.736178 0.0600962 0.0348558 0.0432692
32 0.766827 0.0679087 0.0384615 0.0492788
32 0.850361 0.570312 0.0516827 0.0877404
32 0.898438 0.493389 0.0372596 0.0444712
32 0.9375 0.688101 0.0721154 0.116587
32 0.941707 0.587139 0.0372596 0.0396635
32 0.954928 0.524639 0.0444712 0.0444712
