20 0.222356 0.514423 0.0456731 0.110577
20 0.230769 0.644832 0.0288462 0.207933
20 0.290865 0.547476 0.149038 0.0853365
20 0.263221 0.659856 0.0504808 0.137019
20 0.249399 0.684495 0.0228365 0.123798
20 0.307692 0.527043 0.115385 0.0733173
20 0.278846 0.654447 0.0432692 0.145433
20 0.319712 0.634615 0.0240385 0.139423
20 0.364784 0.639423 0.0661058 0.0625
20 0.348558 0.61899 0.0240385 0.0408654
20 0.368389 0.566106 0.0252404 0.141827
20 0.396034 0.555889 0.0420673 0.0348558
20 0.416466 0.616587 0.0588942 0.0793269
20 0.410457 0.59375 0.0276442 0.0432692
