28 0.0204327 0.253005 0.0408654 0.111779
28 0.0252404 0.700721 0.0504808 0.0552885
28 0.0282452 0.770433 0.0564904 0.165865
28 0.127404 0.749399 0.182692 0.22476
28 0.162861 0.314904 0.0853365 0.0576923
28 0.281851 0.572115 0.265625 0.221154
28 0.280048 0.75 0.165865 0.110577
28 0.38762 0.798678 0.270433 0.371394
28 0.56851 0.208534 0.194712 0.152644
28 0.642428 0.746995 0.27524 0.344952
28 0.771034 0.408053 0.22476 0.258413
28 0.72476 0.558293 0.0649038 0.0733173
28 0.796274 0.63101 0.0540865 0.0649038
28 0.908053 0.405649 0.0805288 0.123798
