44 0.0805288 0.338341 0.0168269 0.0228365
44 0.126202 0.393029 0.03125 0.0408654
44 0.164062 0.442909 0.0252404 0.0396635
44 0.182091 0.4375 0.0324519 0.0432692
44 0.183293 0.415264 0.0300481 0.0228365
44 0.201322 0.380409 0.0324519 0.0444712
44 0.23738 0.592548 0.0228365 0.03125
44 0.25601 0.591346 0.0120192 0.0192308
44 0.368389 0.302885 0.207933 0.278846
44 0.29988 0.0847356 0.0324519 0.0444712
44 0.474159 0.635817 0.0252404 0.0408654
44 0.526442 0.444111 0.0288462 0.0420673
44 0.53125 0.406851 0.0384615 0.0540865
44 0.579928 0.558293 0.0252404 0.0300481
44 0.611178 0.573317 0.0348558 0.0456731
