25 0.552885 0.476562 0.475962 0.679087
25 0.0516827 0.410457 0.103365 0.239183
25 0.0697115 0.584135 0.139423 0.274038
25 0.124399 0.8125 0.248798 0.375
25 0.18149 0.177885 0.362981 0.355769
25 0.25 0.520433 0.326923 0.497596
25 0.379207 0.853966 0.344952 0.289663
25 0.467548 0.0913462 0.237981 0.182692
25 0.728365 0.810697 0.394231 0.376202
25 0.552885 0.476562 0.475962 0.679087
25 0.0516827 0.410457 0.103365 0.239183
25 0.0697115 0.584135 0.139423 0.274038
25 0.124399 0.8125 0.248798 0.375
25 0.18149 0.177885 0.362981 0.355769
25 0.25 0.520433 0.326923 0.497596
25 0.379207 0.853966 0.344952 0.289663
25 0.467548 0.0913462 0.237981 0.182692
25 0.728365 0.810697 0.394231 0.376202
