25 0.586538 0.883413 0.216346 0.0697115
25 0.317308 0.880409 0.206731 0.0637019
25 0.346755 0.810697 0.19351 0.0492788
25 0.352163 0.764423 0.180288 0.0384615
25 0.527043 0.767428 0.15024 0.0444712
25 0.558293 0.813702 0.183894 0.0552885
25 0.765625 0.823317 0.15625 0.0456731
25 0.586538 0.883413 0.216346 0.0697115
25 0.317308 0.880409 0.206731 0.0637019
25 0.346755 0.810697 0.19351 0.0492788
25 0.352163 0.764423 0.180288 0.0384615
25 0.527043 0.767428 0.15024 0.0444712
25 0.558293 0.813702 0.183894 0.0552885
25 0.765625 0.823317 0.15625 0.0456731
