44 0.0216346 0.100962 0.0432692 0.0769231
44 0.0661058 0.509014 0.132212 0.258413
44 0.156851 0.519231 0.0300481 0.0528846
44 0.507812 0.524639 0.323317 0.405048
44 0.439904 0.435096 0.0576923 0.0817308
44 0.490385 0.129808 0.0576923 0.0769231
44 0.566106 0.106971 0.112981 0.213942
44 0.739183 0.108173 0.0264423 0.0480769
44 0.765024 0.125 0.0300481 0.0432692
44 0.778846 0.146635 0.0240385 0.0288462
44 0.783654 0.0174279 0.0288462 0.0348558
44 0.823918 0.385817 0.0372596 0.0456731
44 0.839543 0.305288 0.0444712 0.0480769
44 0.868389 0.293269 0.0348558 0.0528846
