59 0.322716 0.769832 0.0300481 0.0444712
59 0.350962 0.813702 0.0673077 0.0504808
59 0.34976 0.758413 0.0360577 0.0360577
59 0.385216 0.749399 0.0396635 0.046875
59 0.430889 0.809495 0.0540865 0.0372596
59 0.444712 0.782452 0.0673077 0.0408654
59 0.434495 0.740986 0.046875 0.0396635
59 0.46274 0.83113 0.0408654 0.0516827
59 0.473558 0.770433 0.0432692 0.0600962
59 0.507812 0.83113 0.0300481 0.0564904
59 0.524639 0.763221 0.0396635 0.0408654
59 0.552284 0.827524 0.0564904 0.0396635
59 0.560096 0.780649 0.0576923 0.0276442
59 0.659856 0.866587 0.122596 0.0697115
59 0.652043 0.814904 0.0733173 0.0528846
59 0.665865 0.79387 0.0480769 0.0396635
59 0.738582 0.975962 0.145433 0.0480769
59 0.740385 0.807091 0.0769231 0.046875
59 0.755409 0.867788 0.0877404 0.0625
59 0.77524 0.823918 0.0793269 0.0612981
59 0.840745 0.898438 0.0516827 0.0612981
59 0.85637 0.853365 0.0588942 0.0528846
59 0.871995 0.832933 0.0564904 0.0552885
59 0.921875 0.832332 0.0408654 0.0588942
59 0.961538 0.901442 0.0721154 0.0769231
59 0.966346 0.936298 0.0576923 0.0600962
59 0.96875 0.84976 0.0576923 0.0408654
