20 0.560096 0.942909 0.572115 0.111779
20 0.53726 0.656851 0.372596 0.501202
20 0.545072 0.483173 0.205529 0.423077
20 0.538462 0.385817 0.100962 0.09375
20 0.57512 0.280649 0.0877404 0.0757212
20 0.605168 0.772837 0.0901442 0.237981
20 0.656851 0.344952 0.135817 0.319712
20 0.649038 0.186899 0.110577 0.210337
20 0.713341 0.819712 0.205529 0.177885
20 0.692909 0.672476 0.0925481 0.16226
20 0.745192 0.503005 0.120192 0.299279
20 0.742788 0.334135 0.105769 0.456731
20 0.760817 0.658654 0.0985577 0.230769
20 0.852764 0.541466 0.205529 0.914663
20 0.91226 0.463942 0.0889423 0.485577
20 0.947716 0.815505 0.102163 0.260817
20 0.954928 0.464543 0.0637019 0.13101
20 0.960938 0.700721 0.0757212 0.185096
20 0.971755 0.58113 0.0540865 0.143029
