19 0.320312 0.850962 0.164663 0.192308
19 0.0168269 0.790865 0.0336538 0.134615
19 0.0396635 0.626803 0.0793269 0.133413
19 0.0504808 0.467548 0.100962 0.132212
19 0.0661058 0.350962 0.132212 0.105769
19 0.0949519 0.230769 0.132212 0.0961538
19 0.113582 0.123798 0.126202 0.0889423
19 0.153846 0.827524 0.163462 0.179087
19 0.155649 0.030649 0.123798 0.0612981
19 0.179087 0.477163 0.141827 0.127404
19 0.200721 0.336538 0.132212 0.115385
19 0.222957 0.213341 0.123798 0.104567
19 0.242788 0.105168 0.120192 0.0997596
19 0.278846 0.0276442 0.125 0.0552885
19 0.350361 0.628606 0.16226 0.146635
19 0.34375 0.350361 0.129808 0.104567
19 0.360577 0.210938 0.0961538 0.109375
19 0.396034 0.471154 0.157452 0.134615
19 0.391827 0.0997596 0.129808 0.0889423
19 0.403846 0.0168269 0.120192 0.0336538
19 0.540264 0.838341 0.18149 0.191106
19 0.53726 0.663462 0.161058 0.149038
19 0.530048 0.0925481 0.122596 0.0649038
19 0.546274 0.498798 0.155048 0.137019
19 0.537861 0.0240385 0.109375 0.0480769
19 0.660457 0.0222356 0.133413 0.0444712
19 0.661058 0.0985577 0.134615 0.100962
19 0.669471 0.227764 0.137019 0.114183
19 0.689303 0.362981 0.143029 0.125
19 0.728365 0.868389 0.192308 0.183894
19 0.722356 0.521635 0.161058 0.144231
19 0.734976 0.694111 0.176683 0.157452
