62 0.929688 0.49399 0.138221 0.180288
62 0.031851 0.858173 0.0637019 0.197115
62 0.0763221 0.09375 0.109375 0.0817308
62 0.0811298 0.0186298 0.0612981 0.0372596
62 0.125601 0.26262 0.0637019 0.0637019
62 0.228365 0.542668 0.173077 0.133413
62 0.185096 0.0138221 0.0817308 0.0276442
62 0.221154 0.093149 0.0721154 0.0564904
62 0.380409 0.0967548 0.0973558 0.0637019
62 0.555889 0.140024 0.207933 0.246394
62 0.846154 0.266226 0.120192 0.147837
62 0.963341 0.164663 0.0709135 0.09375
62 0.973558 0.0973558 0.0528846 0.0552885
62 0.975962 0.00961538 0.0432692 0.0192308
