13 0.277043 0.554688 0.0925481 0.147837
13 0.0721154 0.736178 0.0817308 0.121394
13 0.10637 0.659856 0.0829327 0.0985577
13 0.121394 0.782452 0.0889423 0.151442
13 0.134014 0.472356 0.0853365 0.0552885
13 0.175481 0.552284 0.0961538 0.157452
13 0.189303 0.689303 0.0853365 0.11899
13 0.191707 0.440505 0.0661058 0.0733173
13 0.239784 0.817909 0.104567 0.145433
13 0.248197 0.308894 0.0925481 0.146635
13 0.316106 0.295673 0.0793269 0.153846
13 0.355168 0.800481 0.0997596 0.139423
13 0.373798 0.960337 0.112981 0.0793269
13 0.379207 0.51863 0.0901442 0.186298
13 0.429087 0.742188 0.0889423 0.147837
13 0.433894 0.668269 0.0697115 0.0769231
