18 0.173077 0.549279 0.346154 0.161058
18 0.115986 0.0588942 0.174279 0.103365
18 0.106971 0.190505 0.141827 0.174279
18 0.600361 0.0588942 0.200721 0.103365
18 0.605168 0.16887 0.157452 0.102163
18 0.173077 0.549279 0.346154 0.161058
18 0.115986 0.0588942 0.174279 0.103365
18 0.106971 0.190505 0.141827 0.174279
18 0.600361 0.0588942 0.200721 0.103365
18 0.605168 0.16887 0.157452 0.102163
18 0.173077 0.549279 0.346154 0.161058
18 0.115986 0.0588942 0.174279 0.103365
18 0.106971 0.190505 0.141827 0.174279
18 0.600361 0.0588942 0.200721 0.103365
18 0.605168 0.16887 0.157452 0.102163
