16 0.30649 0.699519 0.185096 0.216346
16 0.077524 0.701923 0.15024 0.206731
16 0.227764 0.355168 0.147837 0.128606
16 0.286659 0.852163 0.121394 0.0504808
16 0.388822 0.510216 0.18149 0.155048
16 0.387019 0.332332 0.110577 0.13101
16 0.380409 0.100962 0.0925481 0.0769231
16 0.406851 0.140024 0.0877404 0.102163
16 0.501202 0.207332 0.15625 0.111779
16 0.518029 0.388221 0.137019 0.117788
16 0.544471 0.510216 0.161058 0.174279
16 0.521635 0.138822 0.100962 0.0564904
16 0.620192 0.305288 0.100962 0.0961538
16 0.68149 0.207933 0.112981 0.117788
16 0.766827 0.929087 0.192308 0.103365
16 0.724159 0.153245 0.0877404 0.0612981
16 0.790264 0.671274 0.210337 0.222356
16 0.799279 0.405649 0.127404 0.143029
