68 0.199519 0.884615 0.0865385 0.0961538
68 0.016226 0.698317 0.0324519 0.0504808
68 0.0180288 0.856971 0.0360577 0.0504808
68 0.0643029 0.695312 0.0324519 0.015625
68 0.0751202 0.849159 0.0540865 0.0396635
68 0.102163 0.545072 0.0985577 0.0612981
68 0.0925481 0.98738 0.0697115 0.0228365
68 0.0883413 0.675481 0.0228365 0.0192308
68 0.0907452 0.623197 0.0276442 0.0348558
68 0.117788 0.851562 0.0336538 0.0348558
68 0.118389 0.591346 0.0252404 0.0288462
68 0.134014 0.605769 0.0372596 0.0432692
68 0.159255 0.739183 0.0348558 0.0120192
68 0.195312 0.763822 0.0252404 0.0228365
68 0.199519 0.537861 0.0192308 0.0180288
68 0.207933 0.601562 0.03125 0.0300481
68 0.221154 0.624399 0.0384615 0.046875
68 0.217548 0.557692 0.0216346 0.0288462
68 0.260216 0.607572 0.0252404 0.0228365
68 0.280649 0.93149 0.046875 0.0264423
68 0.274038 0.641226 0.0288462 0.0228365
68 0.295673 0.838341 0.0480769 0.0372596
68 0.292668 0.676082 0.0372596 0.0204327
68 0.292067 0.542067 0.0120192 0.0168269
68 0.326322 0.572716 0.0228365 0.0204327
68 0.335938 0.542067 0.0180288 0.0168269
68 0.36238 0.897837 0.0564904 0.0649038
68 0.368389 0.539062 0.0300481 0.0300481
68 0.379207 0.802885 0.046875 0.0336538
68 0.379808 0.703125 0.0480769 0.0456731
68 0.415264 0.892428 0.0612981 0.0444712
68 0.432692 0.594351 0.0192308 0.0396635
68 0.450721 0.592548 0.0216346 0.0264423
68 0.496995 0.51863 0.0180288 0.0132212
68 0.519832 0.664062 0.0252404 0.015625
68 0.536058 0.609375 0.0240385 0.0120192
68 0.554087 0.885817 0.0600962 0.0456731
68 0.579327 0.563702 0.0192308 0.0168269
68 0.590144 0.729567 0.0360577 0.0456731
68 0.596755 0.653245 0.0444712 0.0516827
68 0.635216 0.941106 0.0733173 0.0745192
68 0.623197 0.587139 0.0300481 0.0444712
68 0.629207 0.621394 0.0276442 0.03125
68 0.670673 0.667067 0.0528846 0.03125
68 0.679688 0.802284 0.0276442 0.0228365
68 0.711538 0.990385 0.0673077 0.0192308
68 0.706731 0.846755 0.0480769 0.0300481
68 0.718149 0.671875 0.0372596 0.0264423
68 0.738582 0.704327 0.0252404 0.0336538
68 0.753606 0.672476 0.03125 0.0228365
68 0.765024 0.54988 0.0252404 0.0180288
68 0.801082 0.650841 0.0300481 0.00841346
68 0.799279 0.533053 0.0168269 0.0132212
68 0.807091 0.554688 0.0276442 0.0276442
68 0.815505 0.635216 0.0252404 0.0252404
68 0.817909 0.608774 0.0300481 0.0252404
68 0.851562 0.80649 0.0396635 0.0504808
68 0.853365 0.640024 0.0288462 0.0204327
68 0.850962 0.572716 0.0192308 0.0204327
68 0.898438 0.926683 0.0853365 0.112981
68 0.901442 0.716346 0.0384615 0.0192308
68 0.910457 0.780649 0.0276442 0.0180288
68 0.913462 0.629207 0.0192308 0.0132212
68 0.953125 0.552885 0.09375 0.0576923
68 0.956731 0.941106 0.0673077 0.0649038
68 0.965745 0.710938 0.0372596 0.0276442
68 0.97476 0.639423 0.0408654 0.0192308
68 0.979567 0.600361 0.0360577 0.0228365
