25 0.103365 0.483774 0.206731 0.289663
25 0.134615 0.278245 0.269231 0.191106
25 0.344351 0.190505 0.207933 0.15024
25 0.510817 0.549279 0.449519 0.387019
25 0.552284 0.299279 0.28726 0.189904
25 0.59375 0.185096 0.206731 0.125
25 0.878606 0.290264 0.242788 0.191106
25 0.897236 0.509014 0.203125 0.316106
25 0.941106 0.201322 0.117788 0.104567
25 0.103365 0.483774 0.206731 0.289663
25 0.134615 0.278245 0.269231 0.191106
25 0.344351 0.190505 0.207933 0.15024
25 0.510817 0.549279 0.449519 0.387019
25 0.552284 0.299279 0.28726 0.189904
25 0.59375 0.185096 0.206731 0.125
25 0.878606 0.290264 0.242788 0.191106
25 0.897236 0.509014 0.203125 0.316106
25 0.941106 0.201322 0.117788 0.104567
