32 0.26863 0.144231 0.0324519 0.0721154
32 0.302885 0.240986 0.0432692 0.0492788
32 0.298678 0.141226 0.0348558 0.046875
32 0.314303 0.182091 0.046875 0.0661058
32 0.313101 0.287861 0.0252404 0.0612981
32 0.330529 0.323918 0.0216346 0.0228365
32 0.351562 0.240986 0.0540865 0.0637019
32 0.346755 0.284255 0.0444712 0.0588942
32 0.372596 0.213341 0.0480769 0.0709135
32 0.378005 0.124399 0.0396635 0.0709135
32 0.411659 0.155649 0.0444712 0.0709135
32 0.421274 0.226562 0.0540865 0.0540865
32 0.426082 0.278846 0.0444712 0.0673077
32 0.454327 0.290865 0.0432692 0.0576923
32 0.460337 0.230168 0.0408654 0.0661058
32 0.484976 0.289663 0.0324519 0.0552885
