10 0.209135 0.632812 0.25 0.203125
10 0.208534 0.123798 0.219952 0.137019
10 0.239784 0.0516827 0.248798 0.103365
10 0.409856 0.165865 0.242788 0.0961538
10 0.472356 0.554087 0.247596 0.103365
10 0.577524 0.0606971 0.356971 0.121394
10 0.584736 0.555889 0.19351 0.169471
10 0.657452 0.724159 0.209135 0.231971
10 0.714543 0.141827 0.304087 0.139423
10 0.732572 0.262019 0.263221 0.153846
10 0.753606 0.0342548 0.108173 0.0685096
10 0.850962 0.161058 0.216346 0.144231
10 0.932091 0.309495 0.133413 0.0757212
