31 0.621394 0.505409 0.117788 0.102163
31 0.210938 0.564303 0.114183 0.171875
31 0.200721 0.370793 0.0600962 0.0637019
31 0.214543 0.446514 0.0877404 0.0997596
31 0.263221 0.397236 0.0793269 0.078125
31 0.385817 0.454928 0.117788 0.0877404
31 0.383413 0.558293 0.0600962 0.126202
31 0.488582 0.338942 0.0877404 0.0865385
31 0.491587 0.436899 0.0697115 0.0997596
31 0.523438 0.25 0.0420673 0.0384615
31 0.551683 0.140625 0.0745192 0.0408654
31 0.577524 0.396034 0.0925481 0.133413
31 0.623197 0.333534 0.0540865 0.0805288
31 0.685096 0.278245 0.105769 0.0949519
31 0.734375 0.313101 0.112981 0.0829327
31 0.76863 0.509014 0.152644 0.167067
31 0.786058 0.385216 0.0817308 0.0733173
31 0.800481 0.26863 0.0913462 0.0709135
31 0.83774 0.320312 0.0841346 0.0829327
31 0.870793 0.392428 0.126202 0.13101
