26 0.74399 0.804087 0.132212 0.141827
26 0.281851 0.736178 0.116587 0.126202
26 0.429087 0.73137 0.132212 0.121394
26 0.54387 0.730168 0.0973558 0.167067
26 0.629808 0.807692 0.0961538 0.115385
26 0.667067 0.712139 0.108173 0.121394
26 0.714543 0.619591 0.0733173 0.104567
26 0.784255 0.684495 0.0973558 0.133413
26 0.842548 0.625 0.0649038 0.115385
26 0.880409 0.532452 0.0925481 0.112981
26 0.948317 0.816707 0.0985577 0.167067
26 0.948918 0.686298 0.0805288 0.103365
26 0.959135 0.609976 0.0480769 0.0276442
26 0.972356 0.555288 0.0504808 0.0673077
