18 0.320913 0.155649 0.0552885 0.0276442
18 0.350361 0.171274 0.0709135 0.0396635
18 0.421875 0.251803 0.185096 0.123798
18 0.382212 0.203726 0.100962 0.0757212
18 0.463341 0.339543 0.152644 0.183894
18 0.517428 0.36899 0.174279 0.180288
18 0.57512 0.48137 0.169471 0.231971
18 0.630409 0.545673 0.19351 0.278846
18 0.743389 0.647837 0.246394 0.34375
18 0.320913 0.155649 0.0552885 0.0276442
18 0.350361 0.171274 0.0709135 0.0396635
18 0.421875 0.251803 0.185096 0.123798
18 0.382212 0.203726 0.100962 0.0757212
18 0.463341 0.339543 0.152644 0.183894
18 0.517428 0.36899 0.174279 0.180288
18 0.57512 0.48137 0.169471 0.231971
18 0.630409 0.545673 0.19351 0.278846
18 0.743389 0.647837 0.246394 0.34375
18 0.320913 0.155649 0.0552885 0.0276442
18 0.350361 0.171274 0.0709135 0.0396635
18 0.421875 0.251803 0.185096 0.123798
18 0.382212 0.203726 0.100962 0.0757212
18 0.463341 0.339543 0.152644 0.183894
18 0.517428 0.36899 0.174279 0.180288
18 0.57512 0.48137 0.169471 0.231971
18 0.630409 0.545673 0.19351 0.278846
18 0.743389 0.647837 0.246394 0.34375
