60 0.15024 0.626803 0.0793269 0.0564904
60 0.158654 0.566707 0.0384615 0.0372596
60 0.375 0.283654 0.355769 0.346154
60 0.240385 0.813101 0.0480769 0.0685096
60 0.247596 0.957933 0.0576923 0.0841346
60 0.270433 0.763822 0.0456731 0.0564904
60 0.28125 0.563101 0.0576923 0.0396635
60 0.316106 0.719351 0.0552885 0.0492788
60 0.567308 0.478966 0.466346 0.409856
60 0.453125 0.748197 0.21875 0.179087
60 0.4375 0.871394 0.0480769 0.0408654
60 0.719952 0.715144 0.0697115 0.0600962
60 0.781851 0.734976 0.0444712 0.0420673
