25 0.67488 0.692308 0.258413 0.307692
25 0.139423 0.626803 0.278846 0.272837
25 0.204327 0.173678 0.245192 0.217548
25 0.212139 0.383413 0.25601 0.276442
25 0.391226 0.669471 0.263221 0.28125
25 0.430288 0.206731 0.230769 0.221154
25 0.46875 0.434495 0.254808 0.258413
25 0.659255 0.227163 0.241587 0.21875
25 0.71875 0.432692 0.259615 0.25
25 0.882812 0.289062 0.231971 0.227163
25 0.67488 0.692308 0.258413 0.307692
25 0.139423 0.626803 0.278846 0.272837
25 0.204327 0.173678 0.245192 0.217548
25 0.212139 0.383413 0.25601 0.276442
25 0.391226 0.669471 0.263221 0.28125
25 0.430288 0.206731 0.230769 0.221154
25 0.46875 0.434495 0.254808 0.258413
25 0.659255 0.227163 0.241587 0.21875
25 0.71875 0.432692 0.259615 0.25
25 0.882812 0.289062 0.231971 0.227163
