26 0.0691106 0.200721 0.138221 0.367788
26 0.110577 0.83113 0.221154 0.191106
26 0.149038 0.561298 0.298077 0.444712
26 0.19351 0.104567 0.271635 0.209135
26 0.255409 0.847356 0.102163 0.175481
26 0.365385 0.742788 0.274038 0.365385
26 0.358774 0.137019 0.246394 0.197115
26 0.547476 0.0733173 0.292067 0.146635
26 0.659255 0.709135 0.332933 0.427885
26 0.816707 0.126803 0.28726 0.253606
26 0.86899 0.326923 0.257212 0.447115
26 0.879808 0.705529 0.235577 0.362981
26 0.969351 0.046875 0.0540865 0.09375
