45 0.0522837 0.489183 0.104567 0.262019
45 0.0552885 0.486779 0.110577 0.271635
45 0.0949519 0.63101 0.0360577 0.0408654
45 0.144832 0.623197 0.0540865 0.0300481
45 0.258413 0.58113 0.0745192 0.0516827
45 0.270433 0.625 0.0745192 0.0432692
45 0.451322 0.579928 0.292067 0.251202
45 0.536659 0.225962 0.159856 0.125
45 0.539062 0.225962 0.155048 0.120192
45 0.811899 0.620793 0.316106 0.289663
45 0.816707 0.629207 0.296875 0.28726
45 0.920072 0.420673 0.157452 0.269231
45 0.924279 0.415865 0.151442 0.25
