12 0.432692 0.536058 0.0865385 0.100962
12 0.439904 0.634615 0.0913462 0.100962
12 0.434495 0.463942 0.0661058 0.0673077
12 0.45012 0.406851 0.0204327 0.0492788
12 0.494591 0.435096 0.0853365 0.100962
12 0.5 0.555889 0.0817308 0.102163
12 0.525841 0.376803 0.0949519 0.0709135
12 0.53125 0.510817 0.0913462 0.0985577
12 0.534255 0.628005 0.0877404 0.102163
12 0.576322 0.564904 0.0757212 0.0961538
12 0.583534 0.456731 0.0757212 0.100962
12 0.623798 0.507212 0.0793269 0.0769231
12 0.63762 0.584135 0.0588942 0.0769231
