68 0.0216346 0.451923 0.0432692 0.0480769
68 0.061899 0.489183 0.0997596 0.0745192
68 0.15024 0.816707 0.271635 0.215144
68 0.0865385 0.264423 0.0336538 0.0192308
68 0.123798 0.280649 0.0360577 0.0228365
68 0.163462 0.226562 0.0336538 0.015625
68 0.221755 0.288462 0.0396635 0.0336538
68 0.251803 0.33774 0.0612981 0.0456731
68 0.243389 0.228365 0.0204327 0.0144231
68 0.332332 0.661058 0.159856 0.120192
68 0.301683 0.43149 0.09375 0.0745192
68 0.305288 0.183894 0.0913462 0.0408654
68 0.275841 0.221154 0.0180288 0.00961538
68 0.292668 0.239784 0.0276442 0.0132212
68 0.372596 0.460337 0.129808 0.0985577
68 0.509615 0.781851 0.302885 0.227163
68 0.386418 0.215745 0.0276442 0.0132212
68 0.421875 0.208534 0.0360577 0.0132212
68 0.420072 0.188702 0.0228365 0.0120192
68 0.440505 0.248197 0.0444712 0.0204327
68 0.466346 0.311298 0.0384615 0.0360577
68 0.525841 0.179087 0.0997596 0.0600962
68 0.49399 0.233173 0.0264423 0.0240385
68 0.501202 0.280048 0.03125 0.0264423
68 0.642428 0.162861 0.102163 0.0276442
68 0.682091 0.254808 0.0276442 0.0192308
68 0.725361 0.173077 0.0180288 0.0192308
68 0.734976 0.149038 0.0372596 0.0336538
68 0.740986 0.241587 0.0396635 0.0360577
68 0.819712 0.250601 0.115385 0.106971
68 0.904447 0.552284 0.0685096 0.0516827
68 0.92488 0.213942 0.0661058 0.0528846
68 0.976562 0.128606 0.0444712 0.0456731
