31 0.557091 0.481971 0.138221 0.146635
31 0.283053 0.530048 0.215144 0.161058
31 0.254207 0.676683 0.157452 0.175481
31 0.373197 0.835938 0.164663 0.311298
31 0.370793 0.659856 0.159856 0.213942
31 0.408654 0.371394 0.177885 0.146635
31 0.442308 0.521034 0.115385 0.22476
31 0.450721 0.763221 0.0360577 0.0745192
31 0.545673 0.612981 0.211538 0.173077
31 0.531851 0.832933 0.15024 0.286058
31 0.558293 0.344952 0.116587 0.194712
31 0.605168 0.6875 0.18149 0.221154
31 0.685697 0.468149 0.140625 0.157452
31 0.746394 0.584736 0.204327 0.188702
31 0.749399 0.708534 0.18149 0.16226
