73 0.27524 0.378005 0.103365 0.121394
73 0.282452 0.483774 0.117788 0.155048
73 0.340144 0.550481 0.117788 0.168269
73 0.360577 0.414663 0.115385 0.112981
73 0.360577 0.313702 0.110577 0.108173
73 0.390024 0.234976 0.106971 0.0997596
73 0.409856 0.632812 0.137019 0.169471
73 0.428486 0.483173 0.126202 0.144231
73 0.449519 0.372596 0.115385 0.115385
73 0.45012 0.281851 0.106971 0.106971
73 0.491587 0.561298 0.132212 0.165865
73 0.53125 0.441707 0.115385 0.123798
73 0.533053 0.320913 0.114183 0.122596
73 0.5625 0.644231 0.129808 0.158654
73 0.596154 0.506611 0.129808 0.128606
73 0.647236 0.713942 0.145433 0.173077
73 0.675481 0.58774 0.129808 0.15625
73 0.675481 0.452524 0.120192 0.135817
