18 0.20012 0.345553 0.203125 0.219952
18 0.277644 0.243389 0.185096 0.15024
18 0.375 0.124399 0.168269 0.133413
18 0.411659 0.419471 0.207933 0.199519
18 0.489784 0.27524 0.195913 0.175481
18 0.560096 0.165865 0.153846 0.120192
18 0.664663 0.465144 0.242788 0.228365
18 0.719952 0.296274 0.223558 0.159856
18 0.765024 0.201923 0.179087 0.158654
18 0.20012 0.345553 0.203125 0.219952
18 0.277644 0.243389 0.185096 0.15024
18 0.375 0.124399 0.168269 0.133413
18 0.411659 0.419471 0.207933 0.199519
18 0.489784 0.27524 0.195913 0.175481
18 0.560096 0.165865 0.153846 0.120192
18 0.664663 0.465144 0.242788 0.228365
18 0.719952 0.296274 0.223558 0.159856
18 0.765024 0.201923 0.179087 0.158654
18 0.20012 0.345553 0.203125 0.219952
18 0.277644 0.243389 0.185096 0.15024
18 0.375 0.124399 0.168269 0.133413
18 0.411659 0.419471 0.207933 0.199519
18 0.489784 0.27524 0.195913 0.175481
18 0.560096 0.165865 0.153846 0.120192
18 0.664663 0.465144 0.242788 0.228365
18 0.719952 0.296274 0.223558 0.159856
18 0.765024 0.201923 0.179087 0.158654
