26 0.682091 0.533654 0.104567 0.134615
26 0.0126202 0.386418 0.015625 0.046875
26 0.0300481 0.397236 0.0120192 0.0444712
26 0.047476 0.400841 0.00841346 0.046875
26 0.0522837 0.423678 0.0180288 0.0685096
26 0.0715144 0.420072 0.0180288 0.0612981
26 0.0871394 0.427284 0.0204327 0.0564904
26 0.106971 0.451322 0.0168269 0.0564904
26 0.142428 0.45613 0.0300481 0.0612981
26 0.169471 0.469952 0.03125 0.0649038
26 0.202524 0.472356 0.0300481 0.0600962
26 0.221154 0.488582 0.0384615 0.0829327
26 0.248197 0.50601 0.0252404 0.0889423
26 0.272236 0.51262 0.0348558 0.0829327
26 0.311298 0.515625 0.0456731 0.0889423
26 0.346755 0.539062 0.0685096 0.0829327
26 0.34375 0.685096 0.0336538 0.0528846
26 0.344351 0.639423 0.0204327 0.0673077
26 0.371995 0.646635 0.0372596 0.0721154
26 0.373197 0.708534 0.0348558 0.0661058
26 0.39363 0.55649 0.0612981 0.117788
26 0.405649 0.463341 0.0420673 0.0757212
26 0.421274 0.665264 0.0588942 0.0853365
26 0.423077 0.373798 0.0576923 0.0841346
26 0.430288 0.291466 0.0432692 0.0637019
26 0.441106 0.754207 0.0456731 0.0901442
26 0.453726 0.576923 0.0661058 0.110577
26 0.457933 0.464543 0.0552885 0.0829327
26 0.470553 0.38101 0.0709135 0.0889423
26 0.469351 0.300481 0.0540865 0.0673077
26 0.470553 0.701322 0.046875 0.0901442
26 0.490986 0.796875 0.0733173 0.09375
26 0.515625 0.597356 0.0889423 0.117788
26 0.518029 0.491587 0.0793269 0.108173
26 0.51863 0.38762 0.0661058 0.0829327
26 0.528245 0.308293 0.0612981 0.0877404
26 0.531851 0.718149 0.0637019 0.0997596
26 0.558894 0.825721 0.0697115 0.0889423
26 0.597356 0.625 0.117788 0.139423
26 0.595553 0.397837 0.0901442 0.0985577
26 0.587139 0.302885 0.0637019 0.0769231
26 0.613582 0.753005 0.102163 0.106971
26 0.638221 0.864784 0.0889423 0.123798
26 0.661659 0.416466 0.0973558 0.13101
26 0.656851 0.311298 0.0733173 0.0841346
26 0.695312 0.671274 0.116587 0.13101
26 0.716947 0.782452 0.0973558 0.112981
26 0.74399 0.303486 0.0985577 0.121394
26 0.771034 0.570913 0.0997596 0.146635
26 0.809495 0.701322 0.104567 0.128606
26 0.816707 0.808293 0.0901442 0.0877404
26 0.84375 0.337139 0.134615 0.155048
26 0.86238 0.460938 0.114183 0.114183
26 0.880409 0.587139 0.0925481 0.13101
26 0.903846 0.727163 0.100962 0.117788
