44 0.762019 0.579327 0.1875 0.336538
44 0.0600962 0.572115 0.120192 0.283654
44 0.0600962 0.84976 0.120192 0.295673
44 0.499399 0.268029 0.998798 0.536058
44 0.179688 0.625 0.215144 0.274038
44 0.203125 0.874399 0.189904 0.248798
44 0.364183 0.590144 0.213942 0.300481
44 0.395433 0.865385 0.204327 0.269231
44 0.564904 0.609976 0.192308 0.30649
44 0.585337 0.865385 0.199519 0.269231
44 0.788462 0.860577 0.206731 0.278846
44 0.921274 0.588942 0.155048 0.326923
44 0.942909 0.845553 0.111779 0.30649
