21 0.269231 0.257212 0.346154 0.514423
21 0.254808 0.542067 0.0576923 0.0841346
21 0.505409 0.658053 0.280048 0.61899
21 0.446514 0.289062 0.0612981 0.0877404
21 0.461538 0.226562 0.0480769 0.0829327
21 0.484976 0.430288 0.0757212 0.0961538
21 0.489183 0.350962 0.0552885 0.0673077
21 0.501803 0.302885 0.0564904 0.0673077
21 0.50601 0.228966 0.0552885 0.0877404
21 0.552885 0.25601 0.0576923 0.0552885
21 0.560697 0.310096 0.0588942 0.0865385
21 0.569712 0.198918 0.0721154 0.104567
21 0.603365 0.360577 0.0576923 0.100962
