18 0.0985577 0.832933 0.173077 0.334135
18 0.141226 0.261418 0.152644 0.263221
18 0.158654 0.515625 0.158654 0.290865
18 0.275841 0.698918 0.167067 0.330529
18 0.29387 0.222957 0.155048 0.248798
18 0.445913 0.896034 0.276442 0.205529
18 0.419471 0.528245 0.151442 0.292067
18 0.459135 0.259615 0.144231 0.269231
18 0.582933 0.228365 0.141827 0.254808
18 0.592548 0.753005 0.15625 0.328125
18 0.682692 0.454928 0.153846 0.284856
18 0.0985577 0.832933 0.173077 0.334135
18 0.141226 0.261418 0.152644 0.263221
18 0.158654 0.515625 0.158654 0.290865
18 0.275841 0.698918 0.167067 0.330529
18 0.29387 0.222957 0.155048 0.248798
18 0.445913 0.896034 0.276442 0.205529
18 0.419471 0.528245 0.151442 0.292067
18 0.459135 0.259615 0.144231 0.269231
18 0.582933 0.228365 0.141827 0.254808
18 0.592548 0.753005 0.15625 0.328125
18 0.682692 0.454928 0.153846 0.284856
18 0.0985577 0.832933 0.173077 0.334135
18 0.141226 0.261418 0.152644 0.263221
18 0.158654 0.515625 0.158654 0.290865
18 0.275841 0.698918 0.167067 0.330529
18 0.29387 0.222957 0.155048 0.248798
18 0.445913 0.896034 0.276442 0.205529
18 0.419471 0.528245 0.151442 0.292067
18 0.459135 0.259615 0.144231 0.269231
18 0.582933 0.228365 0.141827 0.254808
18 0.592548 0.753005 0.15625 0.328125
18 0.682692 0.454928 0.153846 0.284856
