26 0.783053 0.651442 0.0757212 0.0961538
26 0.457933 0.718149 0.0504808 0.0661058
26 0.495793 0.641226 0.0492788 0.0757212
26 0.551683 0.807692 0.0504808 0.0769231
26 0.550481 0.742788 0.0432692 0.0528846
26 0.560697 0.615385 0.0396635 0.0480769
26 0.585938 0.447115 0.046875 0.0625
26 0.66226 0.638221 0.0600962 0.0841346
26 0.686298 0.28726 0.0456731 0.0649038
26 0.721154 0.61238 0.0625 0.0757212
26 0.765024 0.111178 0.0540865 0.111779
26 0.771034 0.316707 0.0661058 0.0997596
26 0.841947 0.0835337 0.0685096 0.109375
26 0.842548 0.202524 0.0456731 0.116587
26 0.90024 0.276442 0.0697115 0.110577
26 0.935697 0.709135 0.0540865 0.0961538
26 0.948317 0.830529 0.0504808 0.122596
26 0.985577 0.481971 0.0288462 0.0793269
