14 0.0522837 0.198918 0.0805288 0.191106
14 0.0564904 0.481971 0.0841346 0.209135
14 0.0444712 0.786659 0.0552885 0.179087
14 0.0516827 0.339543 0.0600962 0.21274
14 0.0612981 0.632812 0.0793269 0.183894
14 0.0588942 0.0817308 0.0600962 0.163462
14 0.0606971 0.925481 0.0588942 0.149038
14 0.0895433 0.802885 0.0492788 0.153846
14 0.115385 0.422476 0.0961538 0.436298
14 0.117788 0.264423 0.0817308 0.399038
14 0.125 0.15625 0.0865385 0.3125
14 0.104567 0.469952 0.0408654 0.15625
14 0.11238 0.938101 0.0420673 0.121394
14 0.135817 0.730769 0.0697115 0.365385
14 0.186899 0.518029 0.0661058 0.189904
14 0.203125 0.153846 0.0889423 0.307692
14 0.202524 0.253606 0.0829327 0.358173
14 0.204928 0.458534 0.0877404 0.359375
14 0.185096 0.955529 0.0432692 0.0889423
14 0.213942 0.700721 0.0673077 0.228365
14 0.223558 0.864183 0.0673077 0.271635
14 0.227163 0.0817308 0.0504808 0.163462
14 0.398438 0.317909 0.123798 0.294471
14 0.391827 0.618389 0.105769 0.265625
14 0.399038 0.789062 0.105769 0.251202
14 0.440505 0.450721 0.13101 0.189904
14 0.444111 0.150841 0.11899 0.219952
14 0.428486 0.0739183 0.078125 0.147837
14 0.444712 0.611779 0.0817308 0.170673
14 0.451322 0.941106 0.0901442 0.117788
14 0.501803 0.309495 0.128606 0.268029
14 0.533654 0.923678 0.129808 0.15024
14 0.540264 0.90024 0.11899 0.170673
14 0.603966 0.263221 0.0829327 0.28125
14 0.611779 0.880409 0.0889423 0.15024
14 0.645433 0.815505 0.112981 0.135817
14 0.673077 0.255409 0.115385 0.241587
14 0.755409 0.765625 0.140625 0.189904
14 0.800481 0.255409 0.125 0.207933
14 0.828125 0.853365 0.165865 0.158654
14 0.814904 0.197716 0.120192 0.217548
14 0.878606 0.727764 0.112981 0.147837
14 0.893029 0.221154 0.103365 0.230769
14 0.942308 0.733173 0.110577 0.144231
14 0.955529 0.161058 0.0841346 0.206731
