26 0.372596 0.287861 0.0865385 0.104567
26 0.183894 0.54387 0.103365 0.198317
26 0.25601 0.461538 0.137019 0.192308
26 0.284856 0.689904 0.137019 0.177885
26 0.321514 0.340144 0.0612981 0.0504808
26 0.388221 0.186298 0.0841346 0.127404
26 0.385216 0.382212 0.0588942 0.0336538
26 0.42488 0.122596 0.0805288 0.105769
26 0.432091 0.246995 0.0805288 0.0853365
26 0.439904 0.33113 0.0721154 0.109375
26 0.472957 0.197716 0.0564904 0.102163
26 0.469952 0.399038 0.0408654 0.0625
26 0.490986 0.266827 0.0396635 0.0673077
26 0.506611 0.317308 0.0661058 0.0961538
26 0.534255 0.40625 0.078125 0.105769
26 0.538462 0.220553 0.0528846 0.0709135
26 0.567308 0.25601 0.0721154 0.117788
26 0.629808 0.59375 0.168269 0.158654
26 0.623798 0.769832 0.151442 0.207933
26 0.597356 0.465144 0.0745192 0.0841346
26 0.605168 0.340745 0.0612981 0.104567
26 0.628005 0.162861 0.0733173 0.0949519
26 0.650841 0.390024 0.0853365 0.121394
26 0.668269 0.261418 0.0961538 0.0901442
26 0.672476 0.480168 0.0853365 0.104567
26 0.740385 0.730769 0.0913462 0.211538
26 0.748798 0.248197 0.0841346 0.0925481
26 0.763221 0.48738 0.0793269 0.11899
26 0.772236 0.348558 0.0877404 0.115385
26 0.770433 0.546274 0.0504808 0.0637019
26 0.824519 0.270433 0.0961538 0.146635
26 0.821514 0.464543 0.0372596 0.0877404
26 0.845553 0.367788 0.0564904 0.0961538
26 0.883413 0.305889 0.03125 0.0492788
