10 0.25601 0.346154 0.0985577 0.0961538
10 0.319712 0.539663 0.129808 0.175481
10 0.329327 0.16226 0.0865385 0.103365
10 0.391827 0.301683 0.105769 0.175481
10 0.409856 0.192308 0.0456731 0.0721154
10 0.466947 0.476562 0.116587 0.15024
10 0.496995 0.332332 0.104567 0.15024
10 0.516827 0.161659 0.115385 0.155048
10 0.520433 0.695913 0.122596 0.117788
10 0.596154 0.526442 0.105769 0.139423
10 0.586538 0.378005 0.0769231 0.126202
10 0.625601 0.135817 0.102163 0.132212
10 0.67488 0.257212 0.104567 0.149038
10 0.683894 0.560697 0.108173 0.145433
10 0.686899 0.413462 0.0757212 0.100962
