18 0.100962 0.732572 0.201923 0.292067
18 0.125 0.479567 0.25 0.209135
18 0.158053 0.923077 0.316106 0.153846
18 0.198918 0.404447 0.397837 0.241587
18 0.265625 0.74399 0.314904 0.40625
18 0.33113 0.191106 0.41226 0.271635
18 0.409856 0.0552885 0.329327 0.110577
18 0.585337 0.879207 0.454327 0.239183
18 0.439904 0.698918 0.134615 0.24399
18 0.447716 0.397236 0.126202 0.433894
18 0.662861 0.727764 0.373798 0.335337
18 0.534255 0.256611 0.0925481 0.104567
18 0.703726 0.222957 0.383413 0.373798
18 0.897837 0.579928 0.204327 0.347356
18 0.921875 0.369591 0.15625 0.191106
18 0.935697 0.265024 0.126202 0.0925481
18 0.96274 0.708534 0.0745192 0.186298
18 0.100962 0.732572 0.201923 0.292067
18 0.125 0.479567 0.25 0.209135
18 0.158053 0.923077 0.316106 0.153846
18 0.198918 0.404447 0.397837 0.241587
18 0.265625 0.74399 0.314904 0.40625
18 0.33113 0.191106 0.41226 0.271635
18 0.409856 0.0552885 0.329327 0.110577
18 0.585337 0.879207 0.454327 0.239183
18 0.439904 0.698918 0.134615 0.24399
18 0.447716 0.397236 0.126202 0.433894
18 0.662861 0.727764 0.373798 0.335337
18 0.534255 0.256611 0.0925481 0.104567
18 0.703726 0.222957 0.383413 0.373798
18 0.897837 0.579928 0.204327 0.347356
18 0.921875 0.369591 0.15625 0.191106
18 0.935697 0.265024 0.126202 0.0925481
18 0.96274 0.708534 0.0745192 0.186298
18 0.100962 0.732572 0.201923 0.292067
18 0.125 0.479567 0.25 0.209135
18 0.158053 0.923077 0.316106 0.153846
18 0.198918 0.404447 0.397837 0.241587
18 0.265625 0.74399 0.314904 0.40625
18 0.33113 0.191106 0.41226 0.271635
18 0.409856 0.0552885 0.329327 0.110577
18 0.585337 0.879207 0.454327 0.239183
18 0.439904 0.698918 0.134615 0.24399
18 0.447716 0.397236 0.126202 0.433894
18 0.662861 0.727764 0.373798 0.335337
18 0.534255 0.256611 0.0925481 0.104567
18 0.703726 0.222957 0.383413 0.373798
18 0.897837 0.579928 0.204327 0.347356
18 0.921875 0.369591 0.15625 0.191106
18 0.935697 0.265024 0.126202 0.0925481
18 0.96274 0.708534 0.0745192 0.186298
