26 0.0985577 0.618389 0.110577 0.116587
26 0.0282452 0.599159 0.0564904 0.121394
26 0.03125 0.727163 0.0625 0.122596
26 0.123798 0.728365 0.165865 0.100962
26 0.15024 0.346755 0.0552885 0.0588942
26 0.165264 0.540264 0.0661058 0.0661058
26 0.194111 0.355168 0.0516827 0.0276442
26 0.183293 0.310697 0.0204327 0.0396635
26 0.225361 0.642428 0.0901442 0.106971
26 0.210337 0.485577 0.0552885 0.0913462
26 0.210938 0.321514 0.0516827 0.046875
26 0.269231 0.708534 0.134615 0.11899
26 0.227764 0.28726 0.0372596 0.0504808
26 0.251202 0.569111 0.0793269 0.11899
26 0.263221 0.337139 0.0504808 0.0396635
26 0.269832 0.487981 0.0588942 0.0625
26 0.277043 0.289062 0.0348558 0.0492788
26 0.298678 0.298678 0.0396635 0.0588942
26 0.328726 0.594952 0.0709135 0.108173
26 0.344952 0.340745 0.0600962 0.0324519
26 0.367788 0.646034 0.100962 0.133413
26 0.340745 0.302885 0.0372596 0.0288462
26 0.355769 0.286058 0.0528846 0.0384615
26 0.425481 0.564904 0.0769231 0.110577
26 0.54387 0.327524 0.015625 0.0348558
26 0.544471 0.358173 0.00721154 0.0240385
26 0.578726 0.371394 0.0276442 0.0360577
26 0.608774 0.368389 0.0348558 0.0444712
26 0.643029 0.377404 0.0264423 0.0288462
26 0.669471 0.365385 0.0216346 0.0240385
26 0.734976 0.334736 0.0372596 0.0348558
26 0.773438 0.340144 0.0276442 0.0552885
26 0.844351 0.359976 0.0252404 0.0420673
26 0.910457 0.350361 0.046875 0.0420673
