14 0.0456731 0.115385 0.0913462 0.182692
14 0.0997596 0.91887 0.199519 0.159856
14 0.108173 0.720553 0.216346 0.219952
14 0.0835337 0.815505 0.16226 0.236779
14 0.163462 0.284856 0.221154 0.108173
14 0.183293 0.336538 0.222356 0.129808
14 0.14363 0.114183 0.123798 0.189904
14 0.260216 0.519832 0.27524 0.304087
14 0.251202 0.854567 0.141827 0.276442
14 0.355769 0.719952 0.298077 0.0697115
14 0.283053 0.11238 0.147837 0.219952
14 0.303486 0.183894 0.169471 0.0697115
14 0.394231 0.935697 0.264423 0.126202
14 0.348558 0.326923 0.0913462 0.163462
14 0.425481 0.854567 0.225962 0.185096
14 0.385216 0.161058 0.145433 0.230769
14 0.578726 0.469952 0.383413 0.165865
14 0.467548 0.078125 0.103365 0.15625
14 0.600962 0.615986 0.346154 0.174279
14 0.598558 0.210938 0.269231 0.104567
14 0.598558 0.322716 0.264423 0.198317
14 0.596154 0.73137 0.240385 0.126202
14 0.63101 0.153846 0.305288 0.0961538
14 0.570913 0.0588942 0.127404 0.117788
14 0.639423 0.873798 0.211538 0.146635
14 0.807692 0.313101 0.158654 0.0925481
14 0.876803 0.504808 0.24399 0.206731
14 0.883413 0.223558 0.228365 0.149038
14 0.861779 0.694111 0.161058 0.219952
14 0.842548 0.311298 0.0985577 0.0985577
14 0.902043 0.120793 0.188702 0.135817
14 0.9375 0.309495 0.105769 0.0901442
14 0.940505 0.860577 0.0877404 0.139423
14 0.965745 0.638221 0.0661058 0.194712
