62 0.0492788 0.539663 0.0985577 0.0889423
62 0.0841346 0.921274 0.168269 0.155048
62 0.0889423 0.670673 0.177885 0.235577
62 0.130409 0.458534 0.260817 0.157452
62 0.121995 0.57512 0.0276442 0.0733173
62 0.152644 0.834135 0.0841346 0.110577
62 0.382212 0.45012 0.0865385 0.0925481
62 0.746995 0.560096 0.503606 0.307692
62 0.604567 0.879207 0.0456731 0.0901442
62 0.63101 0.828726 0.09375 0.109375
62 0.65625 0.953726 0.0865385 0.0901442
62 0.644832 0.747596 0.0588942 0.105769
62 0.683894 0.919471 0.0985577 0.112981
62 0.719351 0.716346 0.0444712 0.120192
62 0.740385 0.833534 0.0721154 0.0997596
62 0.780649 0.731971 0.0757212 0.132212
62 0.805288 0.850361 0.0913462 0.138221
62 0.870793 0.819111 0.0877404 0.171875
62 0.896635 0.765625 0.0769231 0.09375
62 0.936899 0.728966 0.0612981 0.0637019
62 0.963942 0.788462 0.0673077 0.149038
