56 0.313101 0.640625 0.236779 0.28125
56 0.115986 0.302885 0.207933 0.177885
56 0.148438 0.110577 0.167067 0.129808
56 0.216346 0.430889 0.216346 0.203125
56 0.332332 0.167067 0.188702 0.165865
56 0.4375 0.32512 0.192308 0.188702
56 0.469351 0.0841346 0.183894 0.168269
56 0.545673 0.482572 0.230769 0.248798
56 0.592548 0.737981 0.237981 0.288462
56 0.603365 0.186899 0.206731 0.195913
56 0.653846 0.905649 0.274038 0.186298
56 0.677284 0.343149 0.22476 0.200721
56 0.797476 0.526442 0.248798 0.259615
56 0.840745 0.777644 0.253606 0.34375
