44 0.177885 0.48738 0.0432692 0.0420673
44 0.198918 0.428486 0.0612981 0.0348558
44 0.225361 0.46875 0.0372596 0.0576923
44 0.24399 0.537861 0.0408654 0.0564904
44 0.26262 0.414663 0.0588942 0.0456731
44 0.262019 0.482572 0.0336538 0.0324519
44 0.293269 0.546274 0.0384615 0.0444712
44 0.296875 0.463942 0.0360577 0.0625
44 0.323317 0.414663 0.0552885 0.0360577
44 0.572716 0.367788 0.164663 0.0625
44 0.610577 0.316106 0.0384615 0.0360577
44 0.648438 0.577524 0.0901442 0.0540865
44 0.659856 0.348558 0.0745192 0.0528846
44 0.664062 0.415865 0.0685096 0.0288462
44 0.727764 0.363582 0.0661058 0.0444712
44 0.764423 0.43149 0.129808 0.0408654
44 0.739784 0.305288 0.0420673 0.0384615
44 0.759014 0.641827 0.0709135 0.0673077
44 0.755409 0.381611 0.0492788 0.0228365
44 0.777644 0.305889 0.0408654 0.0444712
44 0.801683 0.397837 0.0552885 0.0360577
44 0.815505 0.646635 0.0396635 0.0480769
44 0.820913 0.309495 0.0456731 0.046875
44 0.858173 0.376202 0.0673077 0.0360577
44 0.861178 0.45613 0.0588942 0.0324519
44 0.867788 0.310096 0.0432692 0.0625
44 0.868389 0.300481 0.0204327 0.0288462
