44 0.38762 0.265625 0.0685096 0.09375
44 0.0685096 0.70613 0.0985577 0.229567
44 0.102764 0.614784 0.0661058 0.0805288
44 0.160457 0.375601 0.128606 0.217548
44 0.138822 0.198918 0.0612981 0.0805288
44 0.159856 0.663462 0.0408654 0.0721154
44 0.316106 0.121995 0.0649038 0.0805288
44 0.326923 0.0516827 0.0673077 0.0504808
44 0.454928 0.531851 0.0492788 0.0685096
44 0.528846 0.558894 0.0576923 0.0841346
44 0.531851 0.635817 0.0588942 0.0889423
44 0.663462 0.626202 0.149038 0.141827
44 0.676082 0.579327 0.0637019 0.0769231
44 0.774038 0.796274 0.0480769 0.0685096
