60 0.159856 0.837139 0.0360577 0.0252404
60 0.357572 0.245192 0.354567 0.274038
60 0.236779 0.755409 0.0264423 0.0252404
60 0.334736 0.77524 0.0300481 0.0168269
60 0.432091 0.844351 0.0420673 0.0204327
60 0.442308 0.739183 0.0384615 0.0216346
60 0.63762 0.652043 0.347356 0.121394
60 0.54988 0.852764 0.046875 0.0180288
60 0.579327 0.850962 0.0384615 0.0240385
60 0.59976 0.925481 0.03125 0.0240385
60 0.605769 0.814904 0.0432692 0.0192308
60 0.605769 0.827524 0.0336538 0.015625
60 0.613582 0.877404 0.0300481 0.0240385
60 0.714543 0.829928 0.0300481 0.0252404
