60 0.124399 0.197716 0.248798 0.395433
60 0.399038 0.161659 0.139423 0.308894
60 0.415264 0.245192 0.0324519 0.0576923
60 0.459135 0.0721154 0.0336538 0.0528846
60 0.529447 0.533053 0.0396635 0.0564904
60 0.558293 0.70012 0.015625 0.0300481
60 0.626202 0.458534 0.0360577 0.046875
60 0.673077 0.658053 0.0384615 0.0564904
60 0.689303 0.708534 0.0420673 0.0516827
60 0.701923 0.741587 0.0288462 0.0264423
60 0.783654 0.602163 0.0336538 0.0697115
60 0.798077 0.647236 0.0336538 0.0540865
60 0.802885 0.739183 0.0240385 0.03125
60 0.821514 0.711538 0.0420673 0.0432692
