89 0.231013 0.13643 0.314346 0.217707
89 0.745781 0.100871 0.310127 0.198839
89 0.957806 0.356313 0.0759494 0.190131
89 0.601266 0.471698 0.35865 0.243832
89 0.894515 0.7627 0.202532 0.251089
89 0.381857 0.817852 0.324895 0.222061
89 0.107595 0.513062 0.21097 0.213353
89 0.231013 0.13643 0.314346 0.217707
89 0.745781 0.100871 0.310127 0.198839
89 0.957806 0.356313 0.0759494 0.190131
89 0.601266 0.471698 0.35865 0.243832
89 0.894515 0.7627 0.202532 0.251089
89 0.381857 0.817852 0.324895 0.222061
89 0.107595 0.513062 0.21097 0.213353
